{"producer":{"name":"Blender","version":"2.79 (sub 0)","exporter_version":"5.6.4","file":"melee.babylon"},
"autoClear":true,"clearColor":[0.0509,0.0509,0.0509],"ambientColor":[0,0,0],"gravity":[0,-9.81,0],
"materials":[{"name":"melee.phong1.032","id":"melee.phong1.032","ambient":[0.5,0.5,0.5],"diffuse":[0.4,0.4,0.4],"specular":[0,0,0],"emissive":[0,0,0],"specularPower":103,"alpha":1,"backFaceCulling":true,"checkReadyOnlyOnce":false,"maxSimultaneousLights":4},
{"name":"melee.phong1.034","id":"melee.phong1.034","ambient":[0.5,0.5,0.5],"diffuse":[0.4,0.4,0.4],"specular":[0,0,0],"emissive":[0,0,0],"specularPower":103,"alpha":1,"backFaceCulling":true,"checkReadyOnlyOnce":false,"maxSimultaneousLights":4},
{"name":"melee.phong1.033","id":"melee.phong1.033","ambient":[0.5,0.5,0.5],"diffuse":[0.4,0.4,0.4],"specular":[0,0,0],"emissive":[0,0,0],"specularPower":103,"alpha":1,"backFaceCulling":true,"checkReadyOnlyOnce":false,"maxSimultaneousLights":4},
{"name":"melee.phong1.031","id":"melee.phong1.031","ambient":[0.5,0.5,0.5],"diffuse":[0.4,0.4,0.4],"specular":[0,0,0],"emissive":[0,0,0],"specularPower":103,"alpha":1,"backFaceCulling":true,"checkReadyOnlyOnce":false,"maxSimultaneousLights":4},
{"name":"melee.phong1.030","id":"melee.phong1.030","ambient":[0.5,0.5,0.5],"diffuse":[0.4,0.4,0.4],"specular":[0,0,0],"emissive":[0,0,0],"specularPower":103,"alpha":1,"backFaceCulling":true,"checkReadyOnlyOnce":false,"maxSimultaneousLights":4},
{"name":"melee.phong1.029","id":"melee.phong1.029","ambient":[0.5,0.5,0.5],"diffuse":[0.4,0.4,0.4],"specular":[0,0,0],"emissive":[0,0,0],"specularPower":103,"alpha":1,"backFaceCulling":true,"checkReadyOnlyOnce":false,"maxSimultaneousLights":4},
{"name":"melee.phong6","id":"melee.phong6","ambient":[0.5,0.5,0.5],"diffuse":[0.4,0.4,0.4],"specular":[0,0,0],"emissive":[0,0,0],"specularPower":103,"alpha":1,"backFaceCulling":true,"checkReadyOnlyOnce":false,"maxSimultaneousLights":4},
{"name":"melee.phong1.028","id":"melee.phong1.028","ambient":[0.5,0.5,0.5],"diffuse":[0.4,0.4,0.4],"specular":[0,0,0],"emissive":[0,0,0],"specularPower":103,"alpha":1,"backFaceCulling":true,"checkReadyOnlyOnce":false,"maxSimultaneousLights":4},
{"name":"melee.phong1.027","id":"melee.phong1.027","ambient":[0.5,0.5,0.5],"diffuse":[0.4,0.4,0.4],"specular":[0,0,0],"emissive":[0,0,0],"specularPower":103,"alpha":1,"backFaceCulling":true,"checkReadyOnlyOnce":false,"maxSimultaneousLights":4},
{"name":"melee.phong1.026","id":"melee.phong1.026","ambient":[0.5,0.5,0.5],"diffuse":[0.4,0.4,0.4],"specular":[0,0,0],"emissive":[0,0,0],"specularPower":103,"alpha":1,"backFaceCulling":true,"checkReadyOnlyOnce":false,"maxSimultaneousLights":4},
{"name":"melee.phong1.025","id":"melee.phong1.025","ambient":[0.5,0.5,0.5],"diffuse":[0.4,0.4,0.4],"specular":[0,0,0],"emissive":[0,0,0],"specularPower":103,"alpha":1,"backFaceCulling":true,"checkReadyOnlyOnce":false,"maxSimultaneousLights":4},
{"name":"melee.spatula:default2","id":"melee.spatula:default2","ambient":[0.7899,0.8133,0.694],"diffuse":[0.6319,0.6507,0.5552],"specular":[0,0,0],"emissive":[0,0,0],"specularPower":11,"alpha":1,"backFaceCulling":true,"checkReadyOnlyOnce":false,"maxSimultaneousLights":4},
{"name":"melee.phong1.024","id":"melee.phong1.024","ambient":[0.5,0.5,0.5],"diffuse":[0.4,0.4,0.4],"specular":[0,0,0],"emissive":[0,0,0],"specularPower":103,"alpha":1,"backFaceCulling":true,"checkReadyOnlyOnce":false,"maxSimultaneousLights":4},
{"name":"melee.phong1.023","id":"melee.phong1.023","ambient":[0.5,0.5,0.5],"diffuse":[0.4,0.4,0.4],"specular":[0,0,0],"emissive":[0,0,0],"specularPower":103,"alpha":1,"backFaceCulling":true,"checkReadyOnlyOnce":false,"maxSimultaneousLights":4},
{"name":"melee.phong1.021","id":"melee.phong1.021","ambient":[0.5,0.5,0.5],"diffuse":[0.4,0.4,0.4],"specular":[0,0,0],"emissive":[0,0,0],"specularPower":103,"alpha":1,"backFaceCulling":true,"checkReadyOnlyOnce":false,"maxSimultaneousLights":4},
{"name":"melee.phong1.022","id":"melee.phong1.022","ambient":[0.5,0.5,0.5],"diffuse":[0.4,0.4,0.4],"specular":[0,0,0],"emissive":[0,0,0],"specularPower":103,"alpha":1,"backFaceCulling":true,"checkReadyOnlyOnce":false,"maxSimultaneousLights":4},
{"name":"melee.phong1.020","id":"melee.phong1.020","ambient":[0.5,0.5,0.5],"diffuse":[0.4,0.4,0.4],"specular":[0,0,0],"emissive":[0,0,0],"specularPower":103,"alpha":1,"backFaceCulling":true,"checkReadyOnlyOnce":false,"maxSimultaneousLights":4},
{"name":"melee.phong1.019","id":"melee.phong1.019","ambient":[0.5,0.5,0.5],"diffuse":[0.4,0.4,0.4],"specular":[0,0,0],"emissive":[0,0,0],"specularPower":103,"alpha":1,"backFaceCulling":true,"checkReadyOnlyOnce":false,"maxSimultaneousLights":4},
{"name":"melee.phong1.018","id":"melee.phong1.018","ambient":[0.5,0.5,0.5],"diffuse":[0.4,0.4,0.4],"specular":[0,0,0],"emissive":[0,0,0],"specularPower":103,"alpha":1,"backFaceCulling":true,"checkReadyOnlyOnce":false,"maxSimultaneousLights":4},
{"name":"melee.phong1.017","id":"melee.phong1.017","ambient":[0.5,0.5,0.5],"diffuse":[0.4,0.4,0.4],"specular":[0,0,0],"emissive":[0,0,0],"specularPower":103,"alpha":1,"backFaceCulling":true,"checkReadyOnlyOnce":false,"maxSimultaneousLights":4},
{"name":"melee.phong19","id":"melee.phong19","ambient":[0.5,0.5,0.5],"diffuse":[0.4,0.4,0.4],"specular":[0,0,0],"emissive":[0,0,0],"specularPower":103,"alpha":1,"backFaceCulling":true,"checkReadyOnlyOnce":false,"maxSimultaneousLights":4},
{"name":"melee.phong22","id":"melee.phong22","ambient":[0.5,0.5,0.5],"diffuse":[0.4,0.4,0.4],"specular":[0,0,0],"emissive":[0,0,0],"specularPower":103,"alpha":1,"backFaceCulling":true,"checkReadyOnlyOnce":false,"maxSimultaneousLights":4},
{"name":"melee.phong1.016","id":"melee.phong1.016","ambient":[0.5,0.5,0.5],"diffuse":[0.4,0.4,0.4],"specular":[0,0,0],"emissive":[0,0,0],"specularPower":103,"alpha":1,"backFaceCulling":true,"checkReadyOnlyOnce":false,"maxSimultaneousLights":4},
{"name":"melee.phong1.015","id":"melee.phong1.015","ambient":[0.5,0.5,0.5],"diffuse":[0.4,0.4,0.4],"specular":[0,0,0],"emissive":[0,0,0],"specularPower":103,"alpha":1,"backFaceCulling":true,"checkReadyOnlyOnce":false,"maxSimultaneousLights":4},
{"name":"melee.phong1.008","id":"melee.phong1.008","ambient":[0.5,0.5,0.5],"diffuse":[0.4,0.4,0.4],"specular":[0,0,0],"emissive":[0,0,0],"specularPower":103,"alpha":1,"backFaceCulling":true,"checkReadyOnlyOnce":false,"maxSimultaneousLights":4},
{"name":"melee.phong1.001","id":"melee.phong1.001","ambient":[0.5,0.5,0.5],"diffuse":[0.4,0.4,0.4],"specular":[0,0,0],"emissive":[0,0,0],"specularPower":103,"alpha":1,"backFaceCulling":true,"checkReadyOnlyOnce":false,"maxSimultaneousLights":4},
{"name":"melee.phong1.014","id":"melee.phong1.014","ambient":[0.5,0.5,0.5],"diffuse":[0.4,0.4,0.4],"specular":[0,0,0],"emissive":[0,0,0],"specularPower":103,"alpha":1,"backFaceCulling":true,"checkReadyOnlyOnce":false,"maxSimultaneousLights":4},
{"name":"melee.phong1.013","id":"melee.phong1.013","ambient":[0.5,0.5,0.5],"diffuse":[0.4,0.4,0.4],"specular":[0,0,0],"emissive":[0,0,0],"specularPower":103,"alpha":1,"backFaceCulling":true,"checkReadyOnlyOnce":false,"maxSimultaneousLights":4},
{"name":"melee.phong1.012","id":"melee.phong1.012","ambient":[0.5,0.5,0.5],"diffuse":[0.4,0.4,0.4],"specular":[0,0,0],"emissive":[0,0,0],"specularPower":103,"alpha":1,"backFaceCulling":true,"checkReadyOnlyOnce":false,"maxSimultaneousLights":4},
{"name":"melee.phong8","id":"melee.phong8","ambient":[0.5,0.5,0.5],"diffuse":[0.4,0.4,0.4],"specular":[0,0,0],"emissive":[0,0,0],"specularPower":103,"alpha":1,"backFaceCulling":true,"checkReadyOnlyOnce":false,"maxSimultaneousLights":4},
{"name":"melee.phong1.011","id":"melee.phong1.011","ambient":[0.5,0.5,0.5],"diffuse":[0.4,0.4,0.4],"specular":[0,0,0],"emissive":[0,0,0],"specularPower":103,"alpha":1,"backFaceCulling":true,"checkReadyOnlyOnce":false,"maxSimultaneousLights":4},
{"name":"melee.phong1.010","id":"melee.phong1.010","ambient":[0.5,0.5,0.5],"diffuse":[0.4,0.4,0.4],"specular":[0,0,0],"emissive":[0,0,0],"specularPower":103,"alpha":1,"backFaceCulling":true,"checkReadyOnlyOnce":false,"maxSimultaneousLights":4},
{"name":"melee.phong1.009","id":"melee.phong1.009","ambient":[0.5,0.5,0.5],"diffuse":[0.4,0.4,0.4],"specular":[0,0,0],"emissive":[0,0,0],"specularPower":103,"alpha":1,"backFaceCulling":true,"checkReadyOnlyOnce":false,"maxSimultaneousLights":4},
{"name":"melee.phong1.007","id":"melee.phong1.007","ambient":[0.5,0.5,0.5],"diffuse":[0.4,0.4,0.4],"specular":[0,0,0],"emissive":[0,0,0],"specularPower":103,"alpha":1,"backFaceCulling":true,"checkReadyOnlyOnce":false,"maxSimultaneousLights":4},
{"name":"melee.phong1.006","id":"melee.phong1.006","ambient":[0.5,0.5,0.5],"diffuse":[0.4,0.4,0.4],"specular":[0,0,0],"emissive":[0,0,0],"specularPower":103,"alpha":1,"backFaceCulling":true,"checkReadyOnlyOnce":false,"maxSimultaneousLights":4},
{"name":"melee.phong1.005","id":"melee.phong1.005","ambient":[0.5,0.5,0.5],"diffuse":[0.4,0.4,0.4],"specular":[0,0,0],"emissive":[0,0,0],"specularPower":103,"alpha":1,"backFaceCulling":true,"checkReadyOnlyOnce":false,"maxSimultaneousLights":4},
{"name":"melee.phong1.004","id":"melee.phong1.004","ambient":[0.5,0.5,0.5],"diffuse":[0.4,0.4,0.4],"specular":[0,0,0],"emissive":[0,0,0],"specularPower":103,"alpha":1,"backFaceCulling":true,"checkReadyOnlyOnce":false,"maxSimultaneousLights":4},
{"name":"melee.phong1.003","id":"melee.phong1.003","ambient":[0.5,0.5,0.5],"diffuse":[0.4,0.4,0.4],"specular":[0,0,0],"emissive":[0,0,0],"specularPower":103,"alpha":1,"backFaceCulling":true,"checkReadyOnlyOnce":false,"maxSimultaneousLights":4},
{"name":"melee.phong1.002","id":"melee.phong1.002","ambient":[0.5,0.5,0.5],"diffuse":[0.4,0.4,0.4],"specular":[0,0,0],"emissive":[0,0,0],"specularPower":103,"alpha":1,"backFaceCulling":true,"checkReadyOnlyOnce":false,"maxSimultaneousLights":4},
{"name":"melee.phong1","id":"melee.phong1","ambient":[0.5,0.5,0.5],"diffuse":[0.4,0.4,0.4],"specular":[0,0,0],"emissive":[0,0,0],"specularPower":103,"alpha":1,"backFaceCulling":true,"checkReadyOnlyOnce":false,"maxSimultaneousLights":4},
{"name":"melee.default1","id":"melee.default1","ambient":[0.7899,0.8133,0.694],"diffuse":[0.6319,0.6507,0.5552],"specular":[0.0422,0.0428,0.0399],"emissive":[0,0,0],"specularPower":11,"alpha":1,"backFaceCulling":true,"checkReadyOnlyOnce":false,"maxSimultaneousLights":4}],
"multiMaterials":[],
"skeletons":[{"name":"melee_skeleton","id":0,"dimensionsAtRest":[0.5,0.1,0.35],"bones":[
{"name":"gripHand","index":0,"matrix":[0.9554,0.2954,-0.0001,0,0.2954,-0.9554,0,0,0.0001,0,1,0,0.25,-0.0489,0.25,1],"rest":[1,0,-0.0001,0,0,-1,0,0,0.0001,0,1,0,0.25,0,0.25,1],"parentBoneIndex":-1,"length":0.05
,"animation":{"dataType":3,"framePerSecond":60,"keys":[
{"frame":0,"values":[0.9554,0.2954,-0.0001,0,0.2954,-0.9554,0,0,0.0001,0,1,0,0.25,-0.0489,0.25,1]},
{"frame":1,"values":[0.9554,0.2954,0.0011,0,0.2954,-0.9553,-0.0082,0,0.0014,-0.0082,1,0,0.25,-0.0497,0.25,1]},
{"frame":2,"values":[0.9554,0.2953,0.0049,0,0.2953,-0.9548,-0.0332,0,0.0051,-0.0332,0.9994,0,0.25,-0.052,0.25,1]},
{"frame":3,"values":[0.9554,0.2951,0.0101,0,0.2951,-0.9531,-0.0673,0,0.0103,-0.0673,0.9977,0,0.25,-0.0542,0.25,1]},
{"frame":4,"values":[0.9555,0.2947,0.0148,0,0.2947,-0.9505,-0.0987,0,0.015,-0.0986,0.995,0,0.25,-0.055,0.25,1]},
{"frame":5,"values":[0.9569,0.2904,0.0086,0,0.2891,-0.9486,-0.1288,0,0.0292,-0.1258,0.9916,0,0.2494,-0.055,0.2506,1]},
{"frame":6,"values":[0.9599,0.28,-0.016,0,0.2738,-0.9479,-0.163,0,0.0608,-0.1521,0.9865,0,0.2479,-0.0549,0.2522,1]},
{"frame":7,"values":[0.9626,0.2653,-0.0554,0,0.2498,-0.9476,-0.199,0,0.1053,-0.1777,0.9784,0,0.2455,-0.0548,0.2547,1]},
{"frame":8,"values":[0.9629,0.2482,-0.1057,0,0.2184,-0.9473,-0.2344,0,0.1583,-0.2026,0.9664,0,0.2423,-0.0547,0.2579,1]},
{"frame":9,"values":[0.9594,0.23,-0.1634,0,0.1814,-0.9464,-0.2673,0,0.2161,-0.2268,0.9497,0,0.2386,-0.0545,0.2617,1]},
{"frame":10,"values":[0.9511,0.2119,-0.2248,0,0.1404,-0.9447,-0.2963,0,0.2751,-0.2502,0.9283,0,0.2343,-0.0543,0.2661,1]},
{"frame":11,"values":[0.938,0.1946,-0.287,0,0.0975,-0.9423,-0.3204,0,0.3328,-0.2725,0.9028,0,0.2297,-0.0541,0.2709,1]},
{"frame":12,"values":[0.9204,0.1786,-0.3477,0,0.054,-0.9391,-0.3393,0,0.3872,-0.2935,0.874,0,0.2247,-0.0539,0.276,1]},
{"frame":13,"values":[0.8993,0.1642,-0.4053,0,0.0116,-0.9355,-0.3532,0,0.4372,-0.313,0.8432,0,0.2195,-0.0536,0.2813,1]},
{"frame":14,"values":[0.8756,0.1513,-0.4588,0,-0.029,-0.9315,-0.3625,0,0.4822,-0.3307,0.8112,0,0.2141,-0.0534,0.2869,1]},
{"frame":15,"values":[0.8502,0.1399,-0.5075,0,-0.0669,-0.9275,-0.3677,0,0.5222,-0.3466,0.7792,0,0.2086,-0.0531,0.2925,1]},
{"frame":16,"values":[0.824,0.1298,-0.5515,0,-0.1018,-0.9236,-0.3695,0,0.5573,-0.3606,0.7479,0,0.203,-0.0528,0.2982,1]},
{"frame":17,"values":[0.7978,0.1209,-0.5907,0,-0.1334,-0.92,-0.3685,0,0.588,-0.3728,0.7178,0,0.1975,-0.0526,0.3039,1]},
{"frame":18,"values":[0.7721,0.113,-0.6254,0,-0.1618,-0.9167,-0.3653,0,0.6146,-0.3833,0.6895,0,0.192,-0.0523,0.3095,1]},
{"frame":19,"values":[0.7473,0.1058,-0.656,0,-0.187,-0.9139,-0.3604,0,0.6376,-0.392,0.6632,0,0.1866,-0.052,0.315,1]},
{"frame":20,"values":[0.7237,0.0992,-0.6829,0,-0.2091,-0.9115,-0.3541,0,0.6576,-0.3991,0.639,0,0.1814,-0.0517,0.3204,1]},
{"frame":21,"values":[0.7016,0.0932,-0.7064,0,-0.2284,-0.9097,-0.3468,0,0.6749,-0.4047,0.617,0,0.1764,-0.0515,0.3256,1]},
{"frame":22,"values":[0.6811,0.0875,-0.7269,0,-0.245,-0.9084,-0.3389,0,0.69,-0.409,0.5973,0,0.1716,-0.0512,0.3305,1]},
{"frame":23,"values":[0.6622,0.0821,-0.7448,0,-0.2592,-0.9075,-0.3305,0,0.703,-0.4119,0.5797,0,0.167,-0.0509,0.3352,1]},
{"frame":24,"values":[0.6451,0.0769,-0.7603,0,-0.2711,-0.9072,-0.3218,0,0.7144,-0.4137,0.5643,0,0.1628,-0.0507,0.3395,1]},
{"frame":25,"values":[0.6296,0.0718,-0.7736,0,-0.2809,-0.9073,-0.3129,0,0.7244,-0.4143,0.551,0,0.1589,-0.0504,0.3435,1]},
{"frame":26,"values":[0.6158,0.067,-0.785,0,-0.2888,-0.9078,-0.304,0,0.733,-0.4139,0.5397,0,0.1554,-0.0502,0.3471,1]},
{"frame":27,"values":[0.6038,0.0622,-0.7947,0,-0.2949,-0.9088,-0.2952,0,0.7406,-0.4126,0.5304,0,0.1522,-0.05,0.3504,1]},
{"frame":28,"values":[0.5934,0.0575,-0.8028,0,-0.2993,-0.9101,-0.2865,0,0.7471,-0.4103,0.5229,0,0.1495,-0.0498,0.3532,1]},
{"frame":29,"values":[0.5849,0.0533,-0.8094,0,-0.3025,-0.9115,-0.2787,0,0.7526,-0.4079,0.517,0,0.1472,-0.0496,0.3555,1]},
{"frame":30,"values":[0.5782,0.05,-0.8144,0,-0.305,-0.9125,-0.2726,0,0.7568,-0.406,0.5123,0,0.1454,-0.0494,0.3574,1]},
{"frame":31,"values":[0.5733,0.0477,-0.8179,0,-0.3067,-0.9132,-0.2682,0,0.7598,-0.4046,0.5089,0,0.1441,-0.0492,0.3588,1]},
{"frame":32,"values":[0.5704,0.0463,-0.8201,0,-0.3077,-0.9137,-0.2656,0,0.7616,-0.4038,0.5069,0,0.1433,-0.049,0.3596,1]},
{"frame":33,"values":[0.5694,0.0458,-0.8208,0,-0.3081,-0.9138,-0.2647,0,0.7622,-0.4036,0.5062,0,0.143,-0.0489,0.3599,1]},
{"frame":34,"values":[0.5694,0.0458,-0.8208,0,-0.3081,-0.9138,-0.2647,0,0.7622,-0.4036,0.5062,0,0.143,-0.0488,0.3599,1]},
{"frame":35,"values":[0.5694,0.0458,-0.8208,0,-0.3081,-0.9138,-0.2647,0,0.7622,-0.4035,0.5062,0,0.143,-0.0486,0.3599,1]},
{"frame":36,"values":[0.5694,0.0458,-0.8208,0,-0.3081,-0.9138,-0.2646,0,0.7622,-0.4035,0.5062,0,0.143,-0.0485,0.3599,1]},
{"frame":37,"values":[0.5694,0.0457,-0.8208,0,-0.308,-0.9138,-0.2646,0,0.7622,-0.4035,0.5062,0,0.143,-0.0484,0.3599,1]},
{"frame":38,"values":[0.5694,0.0457,-0.8208,0,-0.308,-0.9138,-0.2646,0,0.7622,-0.4035,0.5062,0,0.143,-0.0483,0.3599,1]},
{"frame":39,"values":[0.5694,0.0457,-0.8208,0,-0.308,-0.9139,-0.2645,0,0.7622,-0.4034,0.5063,0,0.143,-0.0482,0.3599,1]},
{"frame":40,"values":[0.5694,0.0457,-0.8208,0,-0.308,-0.9139,-0.2645,0,0.7622,-0.4034,0.5063,0,0.143,-0.0481,0.3599,1]},
{"frame":41,"values":[0.5694,0.0456,-0.8208,0,-0.308,-0.9139,-0.2644,0,0.7622,-0.4033,0.5063,0,0.143,-0.048,0.3599,1]},
{"frame":42,"values":[0.5694,0.0456,-0.8208,0,-0.3079,-0.9139,-0.2644,0,0.7622,-0.4033,0.5063,0,0.143,-0.0479,0.3599,1]},
{"frame":43,"values":[0.5694,0.0456,-0.8208,0,-0.3079,-0.914,-0.2643,0,0.7623,-0.4032,0.5064,0,0.143,-0.0478,0.3599,1]},
{"frame":44,"values":[0.5693,0.0455,-0.8208,0,-0.3078,-0.914,-0.2642,0,0.7623,-0.4031,0.5064,0,0.143,-0.0477,0.3599,1]},
{"frame":45,"values":[0.5693,0.0455,-0.8208,0,-0.3078,-0.9141,-0.2641,0,0.7623,-0.403,0.5064,0,0.143,-0.0476,0.3599,1]},
{"frame":46,"values":[0.5693,0.0454,-0.8209,0,-0.3077,-0.9141,-0.264,0,0.7623,-0.4029,0.5065,0,0.143,-0.0476,0.3599,1]},
{"frame":47,"values":[0.5693,0.0453,-0.8209,0,-0.3077,-0.9142,-0.2638,0,0.7624,-0.4028,0.5065,0,0.143,-0.0475,0.3599,1]},
{"frame":48,"values":[0.5693,0.0452,-0.8209,0,-0.3076,-0.9143,-0.2637,0,0.7624,-0.4026,0.5066,0,0.143,-0.0474,0.3599,1]},
{"frame":49,"values":[0.5693,0.0451,-0.8209,0,-0.3075,-0.9143,-0.2635,0,0.7625,-0.4025,0.5066,0,0.143,-0.0474,0.3599,1]},
{"frame":50,"values":[0.5693,0.045,-0.8209,0,-0.3074,-0.9144,-0.2633,0,0.7625,-0.4023,0.5067,0,0.143,-0.0473,0.3599,1]},
{"frame":51,"values":[0.5692,0.0449,-0.8209,0,-0.3073,-0.9145,-0.2631,0,0.7626,-0.4021,0.5068,0,0.143,-0.0473,0.3599,1]},
{"frame":52,"values":[0.5692,0.0448,-0.821,0,-0.3072,-0.9146,-0.2629,0,0.7626,-0.4019,0.5068,0,0.143,-0.0472,0.3599,1]},
{"frame":53,"values":[0.5692,0.0447,-0.821,0,-0.3071,-0.9147,-0.2627,0,0.7627,-0.4017,0.5069,0,0.143,-0.0472,0.3599,1]},
{"frame":54,"values":[0.5692,0.0446,-0.821,0,-0.307,-0.9148,-0.2625,0,0.7628,-0.4014,0.507,0,0.143,-0.0472,0.3599,1]},
{"frame":55,"values":[0.5691,0.0444,-0.821,0,-0.3069,-0.9149,-0.2622,0,0.7628,-0.4012,0.5071,0,0.143,-0.0471,0.3599,1]},
{"frame":56,"values":[0.5691,0.0443,-0.8211,0,-0.3067,-0.915,-0.262,0,0.7629,-0.4009,0.5072,0,0.143,-0.0471,0.3599,1]},
{"frame":57,"values":[0.5691,0.0441,-0.8211,0,-0.3066,-0.9152,-0.2617,0,0.763,-0.4007,0.5073,0,0.143,-0.0471,0.3599,1]},
{"frame":58,"values":[0.5691,0.044,-0.8211,0,-0.3065,-0.9153,-0.2614,0,0.7631,-0.4004,0.5074,0,0.143,-0.0471,0.3599,1]},
{"frame":59,"values":[0.569,0.0438,-0.8211,0,-0.3063,-0.9154,-0.2611,0,0.7631,-0.4001,0.5075,0,0.143,-0.047,0.3599,1]},
{"frame":60,"values":[0.569,0.0436,-0.8212,0,-0.3062,-0.9156,-0.2608,0,0.7632,-0.3998,0.5076,0,0.143,-0.047,0.3599,1]},
{"frame":61,"values":[0.5708,0.0434,-0.8199,0,-0.3058,-0.9155,-0.2613,0,0.762,-0.3999,0.5094,0,0.1432,-0.047,0.3599,1]},
{"frame":62,"values":[0.5765,0.043,-0.816,0,-0.3048,-0.9152,-0.2636,0,0.7581,-0.4007,0.5145,0,0.144,-0.047,0.3598,1]},
{"frame":63,"values":[0.586,0.0425,-0.8092,0,-0.3033,-0.9145,-0.2677,0,0.7514,-0.4023,0.5231,0,0.1452,-0.047,0.3598,1]},
{"frame":64,"values":[0.5996,0.0418,-0.7992,0,-0.301,-0.9135,-0.2737,0,0.7415,-0.4047,0.5351,0,0.1469,-0.047,0.3597,1]},
{"frame":65,"values":[0.6173,0.0409,-0.7857,0,-0.298,-0.9121,-0.2816,0,0.7281,-0.4079,0.5508,0,0.1492,-0.047,0.3596,1]},
{"frame":66,"values":[0.6391,0.0397,-0.7681,0,-0.2939,-0.9103,-0.2915,0,0.7108,-0.4121,0.5701,0,0.1519,-0.047,0.3595,1]},
{"frame":67,"values":[0.6652,0.038,-0.7457,0,-0.2885,-0.9081,-0.3036,0,0.6887,-0.4171,0.593,0,0.1551,-0.047,0.3594,1]},
{"frame":68,"values":[0.6953,0.0358,-0.7178,0,-0.2816,-0.9054,-0.3179,0,0.6612,-0.4231,0.6195,0,0.1587,-0.047,0.3593,1]},
{"frame":69,"values":[0.7294,0.0328,-0.6833,0,-0.2726,-0.9022,-0.3343,0,0.6274,-0.4301,0.6491,0,0.1628,-0.047,0.3591,1]},
{"frame":70,"values":[0.767,0.0289,-0.641,0,-0.2612,-0.8984,-0.353,0,0.5861,-0.4381,0.6815,0,0.1673,-0.047,0.359,1]},
{"frame":71,"values":[0.8071,0.0238,-0.5899,0,-0.2467,-0.8942,-0.3736,0,0.5363,-0.4471,0.7159,0,0.1721,-0.047,0.3588,1]},
{"frame":72,"values":[0.8488,0.0172,-0.5285,0,-0.2286,-0.8893,-0.396,0,0.4768,-0.4569,0.7509,0,0.1772,-0.047,0.3586,1]},
{"frame":73,"values":[0.8901,0.0088,-0.4557,0,-0.2061,-0.884,-0.4196,0,0.4066,-0.4674,0.785,0,0.1825,-0.0471,0.3584,1]},
{"frame":74,"values":[0.9287,-0.0017,-0.3708,0,-0.1787,-0.8782,-0.4436,0,0.3249,-0.4782,0.8159,0,0.188,-0.0471,0.3582,1]},
{"frame":75,"values":[0.9618,-0.0145,-0.2735,0,-0.146,-0.8722,-0.4669,0,0.2318,-0.489,0.8409,0,0.1937,-0.0472,0.358,1]},
{"frame":76,"values":[0.9859,-0.0299,-0.1646,0,-0.1077,-0.866,-0.4883,0,0.128,-0.4991,0.857,0,0.1993,-0.0473,0.3578,1]},
{"frame":77,"values":[0.9978,-0.0476,-0.0461,0,-0.0644,-0.86,-0.5062,0,0.0155,-0.5081,0.8612,0,0.2049,-0.0474,0.3576,1]},
{"frame":78,"values":[0.9946,-0.0675,0.0788,0,-0.0168,-0.8544,-0.5193,0,-0.1024,-0.5152,0.851,0,0.2105,-0.0476,0.3574,1]},
{"frame":79,"values":[0.9746,-0.0889,0.2056,0,0.0335,-0.8496,-0.5264,0,-0.2215,-0.5199,0.825,0,0.2158,-0.0477,0.3572,1]},
{"frame":80,"values":[0.9377,-0.1111,0.3292,0,0.0848,-0.8458,-0.5268,0,-0.337,-0.5219,0.7836,0,0.2209,-0.0478,0.357,1]},
{"frame":81,"values":[0.8857,-0.1331,0.4447,0,0.1348,-0.843,-0.5207,0,-0.4443,-0.5211,0.7287,0,0.2257,-0.048,0.3568,1]},
{"frame":82,"values":[0.8221,-0.1542,0.5481,0,0.1816,-0.8414,-0.509,0,-0.5397,-0.5179,0.6637,0,0.2302,-0.0481,0.3566,1]},
{"frame":83,"values":[0.7513,-0.1734,0.6368,0,0.2237,-0.8409,-0.4929,0,-0.6209,-0.5127,0.593,0,0.2342,-0.0482,0.3565,1]},
{"frame":84,"values":[0.6783,-0.1903,0.7097,0,0.2601,-0.8411,-0.4742,0,-0.6872,-0.5062,0.521,0,0.2379,-0.0484,0.3563,1]},
{"frame":85,"values":[0.6076,-0.2047,0.7674,0,0.2905,-0.842,-0.4546,0,-0.7392,-0.4991,0.4521,0,0.2411,-0.0485,0.3562,1]},
{"frame":86,"values":[0.5429,-0.2165,0.8114,0,0.3149,-0.8432,-0.4356,0,-0.7785,-0.492,0.3896,0,0.2438,-0.0486,0.3561,1]},
{"frame":87,"values":[0.487,-0.2257,0.8437,0,0.3338,-0.8446,-0.4187,0,-0.8071,-0.4855,0.336,0,0.246,-0.0487,0.356,1]},
{"frame":88,"values":[0.4419,-0.2327,0.8663,0,0.3477,-0.8458,-0.4046,0,-0.8269,-0.48,0.2929,0,0.2478,-0.0487,0.356,1]},
{"frame":89,"values":[0.4088,-0.2376,0.8812,0,0.3572,-0.8469,-0.394,0,-0.8399,-0.4758,0.2613,0,0.249,-0.0488,0.3559,1]},
{"frame":90,"values":[0.3881,-0.2405,0.8897,0,0.3627,-0.8476,-0.3873,0,-0.8473,-0.473,0.2417,0,0.2498,-0.0488,0.3559,1]},
{"frame":91,"values":[0.3801,-0.2417,0.8928,0,0.3646,-0.848,-0.3847,0,-0.8501,-0.4717,0.2342,0,0.25,-0.0488,0.3559,1]},
{"frame":92,"values":[0.3784,-0.242,0.8935,0,0.3647,-0.8482,-0.3842,0,-0.8508,-0.4712,0.2327,0,0.25,-0.0488,0.3559,1]},
{"frame":93,"values":[0.3768,-0.2422,0.8941,0,0.3649,-0.8484,-0.3836,0,-0.8514,-0.4708,0.2313,0,0.25,-0.0488,0.3559,1]},
{"frame":94,"values":[0.3752,-0.2425,0.8946,0,0.365,-0.8485,-0.3831,0,-0.852,-0.4703,0.2299,0,0.25,-0.0488,0.3559,1]},
{"frame":95,"values":[0.3737,-0.2428,0.8952,0,0.3651,-0.8487,-0.3826,0,-0.8527,-0.4699,0.2285,0,0.25,-0.0488,0.3559,1]},
{"frame":96,"values":[0.3723,-0.2431,0.8957,0,0.3653,-0.8489,-0.3821,0,-0.8532,-0.4694,0.2272,0,0.25,-0.0487,0.3559,1]},
{"frame":97,"values":[0.3708,-0.2433,0.8963,0,0.3654,-0.849,-0.3817,0,-0.8538,-0.469,0.226,0,0.25,-0.0487,0.3559,1]},
{"frame":98,"values":[0.3695,-0.2435,0.8967,0,0.3655,-0.8492,-0.3812,0,-0.8543,-0.4686,0.2248,0,0.25,-0.0487,0.3559,1]},
{"frame":99,"values":[0.3682,-0.2438,0.8972,0,0.3656,-0.8493,-0.3808,0,-0.8548,-0.4683,0.2236,0,0.25,-0.0486,0.3559,1]},
{"frame":100,"values":[0.367,-0.244,0.8977,0,0.3657,-0.8494,-0.3804,0,-0.8553,-0.4679,0.2225,0,0.25,-0.0486,0.3559,1]},
{"frame":101,"values":[0.3659,-0.2442,0.8981,0,0.3658,-0.8496,-0.38,0,-0.8558,-0.4676,0.2215,0,0.25,-0.0485,0.3559,1]},
{"frame":102,"values":[0.3648,-0.2444,0.8985,0,0.3659,-0.8497,-0.3797,0,-0.8562,-0.4673,0.2205,0,0.25,-0.0485,0.3559,1]},
{"frame":103,"values":[0.3638,-0.2445,0.8988,0,0.366,-0.8498,-0.3793,0,-0.8566,-0.467,0.2196,0,0.25,-0.0484,0.3559,1]},
{"frame":104,"values":[0.3628,-0.2447,0.8992,0,0.3661,-0.8499,-0.379,0,-0.8569,-0.4667,0.2188,0,0.25,-0.0483,0.3559,1]},
{"frame":105,"values":[0.3619,-0.2449,0.8995,0,0.3662,-0.85,-0.3787,0,-0.8573,-0.4664,0.218,0,0.25,-0.0482,0.3559,1]},
{"frame":106,"values":[0.3611,-0.245,0.8998,0,0.3662,-0.8501,-0.3785,0,-0.8576,-0.4662,0.2173,0,0.25,-0.0482,0.3559,1]},
{"frame":107,"values":[0.3604,-0.2451,0.9,0,0.3663,-0.8502,-0.3782,0,-0.8579,-0.466,0.2166,0,0.25,-0.0481,0.3559,1]},
{"frame":108,"values":[0.3597,-0.2452,0.9003,0,0.3663,-0.8502,-0.378,0,-0.8581,-0.4658,0.216,0,0.25,-0.048,0.3559,1]},
{"frame":109,"values":[0.3591,-0.2454,0.9005,0,0.3664,-0.8503,-0.3778,0,-0.8584,-0.4656,0.2155,0,0.25,-0.0479,0.3559,1]},
{"frame":110,"values":[0.3586,-0.2454,0.9007,0,0.3664,-0.8504,-0.3776,0,-0.8586,-0.4655,0.215,0,0.25,-0.0479,0.3559,1]},
{"frame":111,"values":[0.3581,-0.2455,0.9008,0,0.3665,-0.8504,-0.3775,0,-0.8587,-0.4653,0.2146,0,0.25,-0.0478,0.3559,1]},
{"frame":112,"values":[0.3577,-0.2456,0.901,0,0.3665,-0.8505,-0.3773,0,-0.8589,-0.4652,0.2142,0,0.25,-0.0477,0.3559,1]},
{"frame":113,"values":[0.3573,-0.2457,0.9011,0,0.3665,-0.8505,-0.3772,0,-0.859,-0.4651,0.2139,0,0.25,-0.0476,0.3559,1]},
{"frame":114,"values":[0.357,-0.2457,0.9012,0,0.3666,-0.8505,-0.3771,0,-0.8592,-0.465,0.2136,0,0.25,-0.0476,0.3559,1]},
{"frame":115,"values":[0.3568,-0.2458,0.9013,0,0.3666,-0.8506,-0.377,0,-0.8593,-0.4649,0.2134,0,0.25,-0.0475,0.3559,1]},
{"frame":116,"values":[0.3565,-0.2458,0.9014,0,0.3666,-0.8506,-0.377,0,-0.8593,-0.4649,0.2132,0,0.25,-0.0474,0.3559,1]},
{"frame":117,"values":[0.3564,-0.2458,0.9014,0,0.3666,-0.8506,-0.3769,0,-0.8594,-0.4648,0.213,0,0.25,-0.0473,0.3559,1]},
{"frame":118,"values":[0.3562,-0.2458,0.9015,0,0.3666,-0.8506,-0.3769,0,-0.8595,-0.4648,0.2129,0,0.25,-0.0473,0.3559,1]},
{"frame":119,"values":[0.3561,-0.2459,0.9015,0,0.3666,-0.8506,-0.3768,0,-0.8595,-0.4647,0.2128,0,0.25,-0.0472,0.3559,1]},
{"frame":120,"values":[0.356,-0.2459,0.9016,0,0.3667,-0.8506,-0.3768,0,-0.8595,-0.4647,0.2127,0,0.25,-0.0472,0.3559,1]},
{"frame":121,"values":[0.356,-0.2459,0.9016,0,0.3667,-0.8507,-0.3768,0,-0.8596,-0.4647,0.2126,0,0.25,-0.0471,0.3559,1]},
{"frame":122,"values":[0.3559,-0.2459,0.9016,0,0.3667,-0.8507,-0.3768,0,-0.8596,-0.4647,0.2126,0,0.25,-0.0471,0.3559,1]},
{"frame":123,"values":[0.3559,-0.2459,0.9016,0,0.3667,-0.8507,-0.3767,0,-0.8596,-0.4647,0.2126,0,0.25,-0.0471,0.3559,1]},
{"frame":124,"values":[0.3558,-0.2459,0.9016,0,0.3667,-0.8507,-0.3767,0,-0.8596,-0.4647,0.2125,0,0.25,-0.047,0.3559,1]},
{"frame":125,"values":[0.3558,-0.2459,0.9016,0,0.3667,-0.8507,-0.3767,0,-0.8596,-0.4646,0.2125,0,0.25,-0.047,0.3559,1]},
{"frame":129,"values":[0.359,-0.2437,0.901,0,0.3658,-0.8513,-0.376,0,-0.8586,-0.4646,0.2165,0,0.25,-0.047,0.3554,1]},
{"frame":130,"values":[0.3687,-0.2368,0.8989,0,0.3633,-0.8534,-0.3738,0,-0.8556,-0.4644,0.2287,0,0.25,-0.047,0.3541,1]},
{"frame":131,"values":[0.3851,-0.2251,0.895,0,0.359,-0.8569,-0.37,0,-0.8502,-0.4638,0.2492,0,0.25,-0.0471,0.3519,1]},
{"frame":132,"values":[0.4083,-0.2084,0.8887,0,0.353,-0.8618,-0.3643,0,-0.8418,-0.4624,0.2783,0,0.25,-0.0471,0.3488,1]},
{"frame":133,"values":[0.4383,-0.1867,0.8792,0,0.3454,-0.8681,-0.3565,0,-0.8298,-0.4599,0.316,0,0.25,-0.0472,0.3448,1]},
{"frame":134,"values":[0.4751,-0.1597,0.8653,0,0.3364,-0.8758,-0.3463,0,-0.8131,-0.4556,0.3624,0,0.25,-0.0473,0.34,1]},
{"frame":135,"values":[0.5182,-0.1275,0.8457,0,0.3261,-0.8846,-0.3332,0,-0.7906,-0.4485,0.4168,0,0.25,-0.0474,0.3344,1]},
{"frame":136,"values":[0.5668,-0.0905,0.8188,0,0.3151,-0.8945,-0.317,0,-0.7612,-0.4378,0.4785,0,0.25,-0.0475,0.3282,1]},
{"frame":137,"values":[0.6197,-0.0494,0.7833,0,0.3039,-0.9051,-0.2975,0,-0.7236,-0.4224,0.5458,0,0.25,-0.0476,0.3214,1]},
{"frame":138,"values":[0.6749,-0.0052,0.7379,0,0.2931,-0.9158,-0.2745,0,-0.6772,-0.4016,0.6165,0,0.25,-0.0477,0.3142,1]},
{"frame":139,"values":[0.73,0.0405,0.6822,0,0.2835,-0.9263,-0.2483,0,-0.6218,-0.3747,0.6877,0,0.25,-0.0479,0.3067,1]},
{"frame":140,"values":[0.7826,0.086,0.6165,0,0.2757,-0.9359,-0.2195,0,-0.5581,-0.3417,0.7561,0,0.25,-0.048,0.2992,1]},
{"frame":141,"values":[0.83,0.1292,0.5425,0,0.2704,-0.9441,-0.1888,0,-0.4878,-0.3034,0.8185,0,0.25,-0.0482,0.2917,1]},
{"frame":142,"values":[0.8703,0.1684,0.4629,0,0.2678,-0.9505,-0.1576,0,-0.4134,-0.2611,0.8723,0,0.25,-0.0483,0.2845,1]},
{"frame":143,"values":[0.9022,0.2023,0.381,0,0.2678,-0.9551,-0.127,0,-0.3382,-0.2166,0.9158,0,0.25,-0.0484,0.2777,1]},
{"frame":144,"values":[0.9255,0.2302,0.3007,0,0.2701,-0.9578,-0.0983,0,-0.2654,-0.1722,0.9487,0,0.25,-0.0485,0.2715,1]},
{"frame":145,"values":[0.9411,0.2519,0.2256,0,0.2741,-0.959,-0.0724,0,-0.1981,-0.13,0.9715,0,0.25,-0.0486,0.2659,1]},
{"frame":146,"values":[0.9502,0.2681,0.1587,0,0.279,-0.959,-0.0502,0,-0.1387,-0.0919,0.9861,0,0.25,-0.0487,0.2611,1]},
{"frame":147,"values":[0.9547,0.2796,0.1022,0,0.2841,-0.9583,-0.0319,0,-0.089,-0.0595,0.9943,0,0.25,-0.0488,0.2571,1]},
{"frame":148,"values":[0.9561,0.2873,0.0575,0,0.2887,-0.9573,-0.0178,0,-0.0499,-0.0336,0.9982,0,0.25,-0.0488,0.254,1]},
{"frame":149,"values":[0.9561,0.2921,0.0254,0,0.2923,-0.9563,-0.0078,0,-0.022,-0.0149,0.9996,0,0.25,-0.0489,0.2518,1]},
{"frame":150,"values":[0.9556,0.2946,0.0062,0,0.2946,-0.9556,-0.0019,0,-0.0054,-0.0037,1,0,0.25,-0.0489,0.2504,1]},
{"frame":151,"values":[0.9554,0.2954,-0.0001,0,0.2954,-0.9554,0,0,0.0001,0,1,0,0.25,-0.0489,0.25,1]},
{"frame":160,"values":[0.9554,0.2954,-0.0001,0,0.2954,-0.9554,0,0,0.0001,0,1,0,0.25,-0.0489,0.25,1]},
{"frame":170,"values":[0.9554,0.2954,-0.0001,0,0.2954,-0.9554,0,0,0.0001,0,1,0,0.25,-0.0489,0.25,1]},
{"frame":171,"values":[0.9756,0.2195,-0.002,0,0.2192,-0.9738,0.0606,0,-0.0113,0.0595,0.9982,0,0.2532,-0.0422,0.2383,1]},
{"frame":172,"values":[0.9997,-0.0052,0.0238,0,-0.0106,-0.9724,0.233,0,-0.0219,0.2332,0.9722,0,0.2621,-0.0234,0.2052,1]},
{"frame":173,"values":[0.9515,-0.281,0.1254,0,-0.3074,-0.8494,0.4289,0,0.014,0.4467,0.8946,0,0.2735,0.0008,0.1627,1]},
{"frame":174,"values":[0.8541,-0.4504,0.26,0,-0.5158,-0.6697,0.5343,0,0.0666,0.5905,0.8043,0,0.2825,0.0196,0.1296,1]},
{"frame":175,"values":[0.7976,-0.4883,0.3542,0,-0.6,-0.581,0.55,0,0.0628,0.6511,0.7564,0,0.2856,0.0263,0.1178,1]},
{"frame":176,"values":[0.7646,-0.5123,0.3911,0,-0.6436,-0.6393,0.4208,0,-0.0344,0.5735,0.8185,0,0.2686,0.0246,0.1454,1]},
{"frame":177,"values":[0.7132,-0.61,0.3453,0,-0.6506,-0.7594,0.0021,0,-0.2609,0.2261,0.9385,0,0.2176,0.0189,0.2231,1]},
{"frame":178,"values":[0.6832,-0.6996,0.2093,0,-0.4998,-0.657,-0.5644,0,-0.5324,-0.281,0.7985,0,0.1443,0.0092,0.3228,1]},
{"frame":179,"values":[0.6734,-0.7313,0.1083,0,-0.2775,-0.3859,-0.8798,0,-0.6852,-0.5624,0.4628,0,0.0717,-0.0032,0.4004,1]},
{"frame":180,"values":[0.6279,-0.7713,0.1045,0,-0.1193,-0.228,-0.9663,0,-0.7691,-0.5943,0.2352,0,0.0178,-0.0163,0.428,1]},
{"frame":181,"values":[0.5243,-0.834,0.172,0,0.052,-0.1703,-0.984,0,-0.8499,-0.5249,0.0459,0,-0.0258,-0.0334,0.4215,1]},
{"frame":182,"values":[0.3582,-0.8947,0.2667,0,0.3135,-0.1538,-0.937,0,-0.8794,-0.4193,-0.2254,0,-0.0694,-0.057,0.4023,1]},
{"frame":183,"values":[0.1608,-0.9279,0.3363,0,0.5702,-0.1908,-0.7991,0,-0.8056,-0.3202,-0.4984,0,-0.1055,-0.0811,0.3753,1]},
{"frame":184,"values":[0.0168,-0.9292,0.3691,0,0.7256,-0.2427,-0.6439,0,-0.6879,-0.2786,-0.6702,0,-0.1274,-0.098,0.3498,1]},
{"frame":185,"values":[-0.0283,-0.9163,0.3995,0,0.7855,-0.2676,-0.5581,0,-0.6183,-0.298,-0.7273,0,-0.1341,-0.1037,0.3325,1]},
{"frame":186,"values":[-0.0167,-0.8946,0.4466,0,0.8026,-0.2784,-0.5275,0,-0.5962,-0.3497,-0.7227,0,-0.1303,-0.1031,0.3205,1]},
{"frame":187,"values":[0.0094,-0.8584,0.5128,0,0.804,-0.2984,-0.5142,0,-0.5945,-0.4171,-0.6874,0,-0.1189,-0.1015,0.3092,1]},
{"frame":188,"values":[0.0545,-0.8009,0.5962,0,0.7894,-0.331,-0.5169,0,-0.6114,-0.4989,-0.6143,0,-0.0999,-0.0988,0.2987,1]},
{"frame":189,"values":[0.1253,-0.713,0.6899,0,0.7568,-0.3809,-0.5311,0,-0.6415,-0.5887,-0.4919,0,-0.0738,-0.0951,0.2891,1]},
{"frame":190,"values":[0.2283,-0.5858,0.7776,0,0.7039,-0.4525,-0.5475,0,-0.6726,-0.6723,-0.309,0,-0.0413,-0.0904,0.2806,1]},
{"frame":191,"values":[0.3643,-0.418,0.8322,0,0.6307,-0.5467,-0.5507,0,-0.6851,-0.7256,-0.0645,0,-0.0038,-0.0851,0.2732,1]},
{"frame":192,"values":[0.5218,-0.224,0.8231,0,0.5445,-0.6554,-0.5235,0,-0.6567,-0.7213,0.22,0,0.037,-0.0793,0.2669,1]},
{"frame":193,"values":[0.6754,-0.0353,0.7366,0,0.4593,-0.7614,-0.4576,0,-0.577,-0.6474,0.498,0,0.0789,-0.0733,0.2618,1]},
{"frame":194,"values":[0.7989,0.1153,0.5904,0,0.3899,-0.8466,-0.3623,0,-0.458,-0.5196,0.7212,0,0.1197,-0.0675,0.2579,1]},
{"frame":195,"values":[0.8806,0.2136,0.4231,0,0.3432,-0.9031,-0.2583,0,-0.3269,-0.3726,0.8685,0,0.1572,-0.0621,0.2549,1]},
{"frame":196,"values":[0.9255,0.2662,0.2695,0,0.3166,-0.9342,-0.1644,0,-0.2081,-0.2375,0.9488,0,0.1897,-0.0575,0.2528,1]},
{"frame":197,"values":[0.9459,0.2885,0.1482,0,0.3035,-0.9485,-0.0905,0,-0.1145,-0.1306,0.9848,0,0.2159,-0.0538,0.2514,1]},
{"frame":198,"values":[0.9533,0.2952,0.0641,0,0.298,-0.9538,-0.0392,0,-0.0495,-0.0565,0.9972,0,0.2348,-0.0511,0.2505,1]},
{"frame":199,"values":[0.9551,0.2958,0.0155,0,0.2959,-0.9552,-0.0096,0,-0.012,-0.0138,0.9998,0,0.2462,-0.0494,0.2501,1]},
{"frame":200,"values":[0.9554,0.2954,-0.0001,0,0.2954,-0.9554,0,0,0.0001,0,1,0,0.25,-0.0489,0.25,1]}],"loopBehavior":1,"name":"anim","property":"_matrix"}},
{"name":"foreHand","index":1,"matrix":[0.2845,-0.9404,0.1864,0,-0.0672,0.1744,0.9824,0,0.9563,0.2921,0.0136,0,-0.263,-0.0921,0.1456,1],"rest":[1,0.0012,0,0,0,0,1,0,-0.0012,1,0,0,-0.25,0,0.25,1],"parentBoneIndex":-1,"length":0.1
,"animation":{"dataType":3,"framePerSecond":60,"keys":[
{"frame":0,"values":[0.2845,-0.9404,0.1864,0,-0.0672,0.1744,0.9824,0,0.9563,0.2921,0.0136,0,-0.263,-0.0921,0.1456,1]},
{"frame":1,"values":[0.2852,-0.94,0.1872,0,-0.0681,0.175,0.9822,0,0.9561,0.2928,0.0141,0,-0.263,-0.0921,0.1456,1]},
{"frame":2,"values":[0.2871,-0.9389,0.1897,0,-0.0706,0.1767,0.9817,0,0.9553,0.2952,0.0156,0,-0.2631,-0.0921,0.1456,1]},
{"frame":3,"values":[0.2903,-0.9371,0.1938,0,-0.075,0.1796,0.9809,0,0.954,0.2992,0.0181,0,-0.2633,-0.0921,0.1456,1]},
{"frame":4,"values":[0.2947,-0.9345,0.1996,0,-0.0811,0.1837,0.9796,0,0.9521,0.3049,0.0216,0,-0.2635,-0.092,0.1456,1]},
{"frame":5,"values":[0.3004,-0.931,0.2072,0,-0.089,0.1889,0.978,0,0.9497,0.3122,0.0261,0,-0.2638,-0.092,0.1456,1]},
{"frame":6,"values":[0.3073,-0.9267,0.2164,0,-0.0988,0.1952,0.9758,0,0.9465,0.3212,0.0316,0,-0.2641,-0.0919,0.1456,1]},
{"frame":7,"values":[0.3153,-0.9213,0.2275,0,-0.1104,0.2025,0.973,0,0.9426,0.3319,0.0379,0,-0.2645,-0.0918,0.1456,1]},
{"frame":8,"values":[0.3243,-0.9149,0.2403,0,-0.1239,0.2107,0.9697,0,0.9378,0.3442,0.045,0,-0.2649,-0.0918,0.1456,1]},
{"frame":9,"values":[0.3343,-0.9074,0.2548,0,-0.1393,0.2198,0.9655,0,0.9321,0.3582,0.0529,0,-0.2654,-0.0917,0.1456,1]},
{"frame":10,"values":[0.345,-0.8986,0.271,0,-0.1565,0.2296,0.9606,0,0.9255,0.3738,0.0614,0,-0.2659,-0.0915,0.1456,1]},
{"frame":11,"values":[0.3564,-0.8886,0.2889,0,-0.1755,0.24,0.9548,0,0.9177,0.391,0.0704,0,-0.2665,-0.0914,0.1456,1]},
{"frame":12,"values":[0.3682,-0.8771,0.3083,0,-0.1962,0.2509,0.9479,0,0.9088,0.4095,0.0797,0,-0.2671,-0.0913,0.1456,1]},
{"frame":13,"values":[0.3803,-0.8643,0.3292,0,-0.2185,0.2619,0.94,0,0.8987,0.4294,0.0893,0,-0.2678,-0.0912,0.1456,1]},
{"frame":14,"values":[0.3924,-0.85,0.3514,0,-0.2423,0.273,0.931,0,0.8873,0.4505,0.0989,0,-0.2685,-0.091,0.1456,1]},
{"frame":15,"values":[0.4044,-0.8343,0.3747,0,-0.2674,0.2839,0.9208,0,0.8746,0.4725,0.1083,0,-0.2693,-0.0908,0.1456,1]},
{"frame":16,"values":[0.4159,-0.8173,0.3988,0,-0.2935,0.2945,0.9095,0,0.8607,0.4953,0.1174,0,-0.27,-0.0907,0.1456,1]},
{"frame":17,"values":[0.4268,-0.7989,0.4237,0,-0.3205,0.3044,0.897,0,0.8456,0.5187,0.1261,0,-0.2708,-0.0905,0.1456,1]},
{"frame":18,"values":[0.437,-0.7795,0.4489,0,-0.348,0.3137,0.8835,0,0.8294,0.5422,0.1341,0,-0.2716,-0.0903,0.1456,1]},
{"frame":19,"values":[0.4462,-0.759,0.4742,0,-0.3756,0.3221,0.869,0,0.8123,0.5658,0.1414,0,-0.2724,-0.0901,0.1456,1]},
{"frame":20,"values":[0.4543,-0.7378,0.4993,0,-0.4032,0.3295,0.8537,0,0.7944,0.5892,0.1478,0,-0.2732,-0.0899,0.1456,1]},
{"frame":21,"values":[0.4612,-0.7161,0.524,0,-0.4304,0.3358,0.8378,0,0.7759,0.6119,0.1533,0,-0.274,-0.0896,0.1456,1]},
{"frame":22,"values":[0.4669,-0.6941,0.5479,0,-0.4569,0.3411,0.8215,0,0.7571,0.634,0.1579,0,-0.2747,-0.0894,0.1456,1]},
{"frame":23,"values":[0.4715,-0.6722,0.5709,0,-0.4824,0.3453,0.805,0,0.7382,0.655,0.1615,0,-0.2755,-0.0892,0.1456,1]},
{"frame":24,"values":[0.4749,-0.6506,0.5926,0,-0.5067,0.3484,0.7886,0,0.7195,0.6748,0.1642,0,-0.2762,-0.0889,0.1456,1]},
{"frame":25,"values":[0.4773,-0.6296,0.613,0,-0.5296,0.3506,0.7724,0,0.7012,0.6933,0.1661,0,-0.2769,-0.0887,0.1456,1]},
{"frame":26,"values":[0.4788,-0.6095,0.6319,0,-0.5509,0.3519,0.7568,0,0.6836,0.7104,0.1673,0,-0.2775,-0.0884,0.1456,1]},
{"frame":27,"values":[0.4794,-0.5905,0.6492,0,-0.5704,0.3525,0.7419,0,0.6669,0.726,0.1678,0,-0.2781,-0.0881,0.1456,1]},
{"frame":28,"values":[0.4795,-0.5728,0.6648,0,-0.5881,0.3525,0.7279,0,0.6513,0.74,0.1679,0,-0.2786,-0.0879,0.1456,1]},
{"frame":29,"values":[0.479,-0.5567,0.6787,0,-0.604,0.3521,0.715,0,0.637,0.7524,0.1675,0,-0.2791,-0.0876,0.1456,1]},
{"frame":30,"values":[0.4782,-0.5422,0.6909,0,-0.6179,0.3514,0.7034,0,0.6241,0.7633,0.1669,0,-0.2796,-0.0873,0.1456,1]},
{"frame":31,"values":[0.4773,-0.5294,0.7014,0,-0.6298,0.3505,0.6931,0,0.6128,0.7726,0.1662,0,-0.2799,-0.087,0.1456,1]},
{"frame":32,"values":[0.4762,-0.5186,0.7101,0,-0.6399,0.3496,0.6844,0,0.6031,0.7803,0.1654,0,-0.2803,-0.0868,0.1456,1]},
{"frame":33,"values":[0.4752,-0.5096,0.7172,0,-0.648,0.3486,0.6771,0,0.5951,0.7866,0.1646,0,-0.2805,-0.0865,0.1456,1]},
{"frame":34,"values":[0.4744,-0.5027,0.7227,0,-0.6543,0.3479,0.6714,0,0.5889,0.7914,0.1639,0,-0.2807,-0.0862,0.1456,1]},
{"frame":35,"values":[0.4737,-0.4977,0.7266,0,-0.6588,0.3473,0.6674,0,0.5845,0.7948,0.1634,0,-0.2809,-0.0859,0.1456,1]},
{"frame":36,"values":[0.4733,-0.4948,0.7288,0,-0.6614,0.3469,0.665,0,0.5818,0.7968,0.1631,0,-0.281,-0.0856,0.1456,1]},
{"frame":37,"values":[0.4731,-0.4938,0.7296,0,-0.6623,0.3467,0.6642,0,0.5809,0.7975,0.163,0,-0.281,-0.0853,0.1456,1]},
{"frame":38,"values":[0.4731,-0.4938,0.7296,0,-0.6623,0.3467,0.6642,0,0.5809,0.7975,0.163,0,-0.281,-0.0851,0.1456,1]},
{"frame":39,"values":[0.4731,-0.4938,0.7296,0,-0.6623,0.3467,0.6642,0,0.5809,0.7975,0.163,0,-0.281,-0.0848,0.1456,1]},
{"frame":40,"values":[0.4731,-0.4938,0.7296,0,-0.6623,0.3468,0.6642,0,0.581,0.7975,0.163,0,-0.281,-0.0845,0.1456,1]},
{"frame":41,"values":[0.4731,-0.4938,0.7296,0,-0.6623,0.3468,0.6642,0,0.581,0.7974,0.163,0,-0.281,-0.0842,0.1456,1]},
{"frame":42,"values":[0.4731,-0.4939,0.7296,0,-0.6623,0.3468,0.6642,0,0.581,0.7974,0.163,0,-0.281,-0.084,0.1456,1]},
{"frame":43,"values":[0.473,-0.4939,0.7296,0,-0.6623,0.3468,0.6642,0,0.5811,0.7973,0.163,0,-0.281,-0.0837,0.1456,1]},
{"frame":44,"values":[0.473,-0.494,0.7295,0,-0.6622,0.3468,0.6642,0,0.5812,0.7973,0.1631,0,-0.281,-0.0835,0.1456,1]},
{"frame":45,"values":[0.4729,-0.4941,0.7295,0,-0.6622,0.3469,0.6642,0,0.5813,0.7972,0.1632,0,-0.281,-0.0832,0.1456,1]},
{"frame":46,"values":[0.4728,-0.4943,0.7295,0,-0.6621,0.347,0.6642,0,0.5814,0.7971,0.1632,0,-0.281,-0.083,0.1456,1]},
{"frame":47,"values":[0.4727,-0.4945,0.7294,0,-0.662,0.347,0.6643,0,0.5816,0.7969,0.1633,0,-0.281,-0.0828,0.1456,1]},
{"frame":48,"values":[0.4725,-0.4947,0.7294,0,-0.662,0.3471,0.6643,0,0.5818,0.7967,0.1634,0,-0.281,-0.0826,0.1456,1]},
{"frame":49,"values":[0.4723,-0.495,0.7293,0,-0.6618,0.3473,0.6644,0,0.5821,0.7965,0.1636,0,-0.281,-0.0824,0.1456,1]},
{"frame":50,"values":[0.4721,-0.4954,0.7292,0,-0.6617,0.3474,0.6644,0,0.5825,0.7962,0.1638,0,-0.281,-0.0822,0.1456,1]},
{"frame":51,"values":[0.4718,-0.4958,0.7291,0,-0.6616,0.3476,0.6645,0,0.5828,0.7959,0.164,0,-0.281,-0.082,0.1456,1]},
{"frame":52,"values":[0.4715,-0.4962,0.729,0,-0.6614,0.3478,0.6645,0,0.5833,0.7955,0.1642,0,-0.281,-0.0818,0.1456,1]},
{"frame":53,"values":[0.4711,-0.4968,0.7288,0,-0.6612,0.348,0.6646,0,0.5838,0.795,0.1645,0,-0.281,-0.0816,0.1456,1]},
{"frame":54,"values":[0.4707,-0.4974,0.7287,0,-0.6609,0.3483,0.6647,0,0.5845,0.7945,0.1648,0,-0.281,-0.0815,0.1456,1]},
{"frame":55,"values":[0.4702,-0.4982,0.7285,0,-0.6607,0.3486,0.6648,0,0.5852,0.7939,0.1652,0,-0.281,-0.0813,0.1456,1]},
{"frame":56,"values":[0.4697,-0.499,0.7283,0,-0.6604,0.349,0.665,0,0.5859,0.7932,0.1656,0,-0.281,-0.0812,0.1456,1]},
{"frame":57,"values":[0.4691,-0.4999,0.7281,0,-0.66,0.3493,0.6651,0,0.5868,0.7925,0.1661,0,-0.281,-0.0811,0.1456,1]},
{"frame":58,"values":[0.4684,-0.501,0.7278,0,-0.6596,0.3498,0.6653,0,0.5878,0.7916,0.1666,0,-0.281,-0.081,0.1456,1]},
{"frame":59,"values":[0.4676,-0.5021,0.7275,0,-0.6592,0.3503,0.6654,0,0.5889,0.7907,0.1672,0,-0.281,-0.0809,0.1456,1]},
