{"producer":{"name":"Blender","version":"2.79 (sub 0)","exporter_version":"5.6.4","file":"melee.babylon"},
"autoClear":true,"clearColor":[0.0509,0.0509,0.0509],"ambientColor":[0,0,0],"gravity":[0,-9.81,0],
"materials":[{"name":"melee.phong1.020","id":"melee.phong1.020","ambient":[0.5,0.5,0.5],"diffuse":[0.4,0.4,0.4],"specular":[0,0,0],"emissive":[0,0,0],"specularPower":103,"alpha":1,"backFaceCulling":true,"checkReadyOnlyOnce":false,"maxSimultaneousLights":4},
{"name":"melee.phong1.019","id":"melee.phong1.019","ambient":[0.5,0.5,0.5],"diffuse":[0.4,0.4,0.4],"specular":[0,0,0],"emissive":[0,0,0],"specularPower":103,"alpha":1,"backFaceCulling":true,"checkReadyOnlyOnce":false,"maxSimultaneousLights":4},
{"name":"melee.phong1.018","id":"melee.phong1.018","ambient":[0.5,0.5,0.5],"diffuse":[0.4,0.4,0.4],"specular":[0,0,0],"emissive":[0,0,0],"specularPower":103,"alpha":1,"backFaceCulling":true,"checkReadyOnlyOnce":false,"maxSimultaneousLights":4},
{"name":"melee.phong1.017","id":"melee.phong1.017","ambient":[0.5,0.5,0.5],"diffuse":[0.4,0.4,0.4],"specular":[0,0,0],"emissive":[0,0,0],"specularPower":103,"alpha":1,"backFaceCulling":true,"checkReadyOnlyOnce":false,"maxSimultaneousLights":4},
{"name":"melee.phong19","id":"melee.phong19","ambient":[0.5,0.5,0.5],"diffuse":[0.4,0.4,0.4],"specular":[0,0,0],"emissive":[0,0,0],"specularPower":103,"alpha":1,"backFaceCulling":true,"checkReadyOnlyOnce":false,"maxSimultaneousLights":4},
{"name":"melee.phong22","id":"melee.phong22","ambient":[0.5,0.5,0.5],"diffuse":[0.4,0.4,0.4],"specular":[0,0,0],"emissive":[0,0,0],"specularPower":103,"alpha":1,"backFaceCulling":true,"checkReadyOnlyOnce":false,"maxSimultaneousLights":4},
{"name":"melee.phong1.016","id":"melee.phong1.016","ambient":[0.5,0.5,0.5],"diffuse":[0.4,0.4,0.4],"specular":[0,0,0],"emissive":[0,0,0],"specularPower":103,"alpha":1,"backFaceCulling":true,"checkReadyOnlyOnce":false,"maxSimultaneousLights":4},
{"name":"melee.phong1.015","id":"melee.phong1.015","ambient":[0.5,0.5,0.5],"diffuse":[0.4,0.4,0.4],"specular":[0,0,0],"emissive":[0,0,0],"specularPower":103,"alpha":1,"backFaceCulling":true,"checkReadyOnlyOnce":false,"maxSimultaneousLights":4},
{"name":"melee.phong1.008","id":"melee.phong1.008","ambient":[0.5,0.5,0.5],"diffuse":[0.4,0.4,0.4],"specular":[0,0,0],"emissive":[0,0,0],"specularPower":103,"alpha":1,"backFaceCulling":true,"checkReadyOnlyOnce":false,"maxSimultaneousLights":4},
{"name":"melee.phong1.001","id":"melee.phong1.001","ambient":[0.5,0.5,0.5],"diffuse":[0.4,0.4,0.4],"specular":[0,0,0],"emissive":[0,0,0],"specularPower":103,"alpha":1,"backFaceCulling":true,"checkReadyOnlyOnce":false,"maxSimultaneousLights":4},
{"name":"melee.phong1.014","id":"melee.phong1.014","ambient":[0.5,0.5,0.5],"diffuse":[0.4,0.4,0.4],"specular":[0,0,0],"emissive":[0,0,0],"specularPower":103,"alpha":1,"backFaceCulling":true,"checkReadyOnlyOnce":false,"maxSimultaneousLights":4},
{"name":"melee.phong1.013","id":"melee.phong1.013","ambient":[0.5,0.5,0.5],"diffuse":[0.4,0.4,0.4],"specular":[0,0,0],"emissive":[0,0,0],"specularPower":103,"alpha":1,"backFaceCulling":true,"checkReadyOnlyOnce":false,"maxSimultaneousLights":4},
{"name":"melee.phong1.012","id":"melee.phong1.012","ambient":[0.5,0.5,0.5],"diffuse":[0.4,0.4,0.4],"specular":[0,0,0],"emissive":[0,0,0],"specularPower":103,"alpha":1,"backFaceCulling":true,"checkReadyOnlyOnce":false,"maxSimultaneousLights":4},
{"name":"melee.phong8","id":"melee.phong8","ambient":[0.5,0.5,0.5],"diffuse":[0.4,0.4,0.4],"specular":[0,0,0],"emissive":[0,0,0],"specularPower":103,"alpha":1,"backFaceCulling":true,"checkReadyOnlyOnce":false,"maxSimultaneousLights":4},
{"name":"melee.phong1.011","id":"melee.phong1.011","ambient":[0.5,0.5,0.5],"diffuse":[0.4,0.4,0.4],"specular":[0,0,0],"emissive":[0,0,0],"specularPower":103,"alpha":1,"backFaceCulling":true,"checkReadyOnlyOnce":false,"maxSimultaneousLights":4},
{"name":"melee.phong1.010","id":"melee.phong1.010","ambient":[0.5,0.5,0.5],"diffuse":[0.4,0.4,0.4],"specular":[0,0,0],"emissive":[0,0,0],"specularPower":103,"alpha":1,"backFaceCulling":true,"checkReadyOnlyOnce":false,"maxSimultaneousLights":4},
{"name":"melee.phong1.009","id":"melee.phong1.009","ambient":[0.5,0.5,0.5],"diffuse":[0.4,0.4,0.4],"specular":[0,0,0],"emissive":[0,0,0],"specularPower":103,"alpha":1,"backFaceCulling":true,"checkReadyOnlyOnce":false,"maxSimultaneousLights":4},
{"name":"melee.phong1.007","id":"melee.phong1.007","ambient":[0.5,0.5,0.5],"diffuse":[0.4,0.4,0.4],"specular":[0,0,0],"emissive":[0,0,0],"specularPower":103,"alpha":1,"backFaceCulling":true,"checkReadyOnlyOnce":false,"maxSimultaneousLights":4},
{"name":"melee.phong1.006","id":"melee.phong1.006","ambient":[0.5,0.5,0.5],"diffuse":[0.4,0.4,0.4],"specular":[0,0,0],"emissive":[0,0,0],"specularPower":103,"alpha":1,"backFaceCulling":true,"checkReadyOnlyOnce":false,"maxSimultaneousLights":4},
{"name":"melee.phong1.005","id":"melee.phong1.005","ambient":[0.5,0.5,0.5],"diffuse":[0.4,0.4,0.4],"specular":[0,0,0],"emissive":[0,0,0],"specularPower":103,"alpha":1,"backFaceCulling":true,"checkReadyOnlyOnce":false,"maxSimultaneousLights":4},
{"name":"melee.phong1.004","id":"melee.phong1.004","ambient":[0.5,0.5,0.5],"diffuse":[0.4,0.4,0.4],"specular":[0,0,0],"emissive":[0,0,0],"specularPower":103,"alpha":1,"backFaceCulling":true,"checkReadyOnlyOnce":false,"maxSimultaneousLights":4},
{"name":"melee.phong1.003","id":"melee.phong1.003","ambient":[0.5,0.5,0.5],"diffuse":[0.4,0.4,0.4],"specular":[0,0,0],"emissive":[0,0,0],"specularPower":103,"alpha":1,"backFaceCulling":true,"checkReadyOnlyOnce":false,"maxSimultaneousLights":4},
{"name":"melee.phong1.002","id":"melee.phong1.002","ambient":[0.5,0.5,0.5],"diffuse":[0.4,0.4,0.4],"specular":[0,0,0],"emissive":[0,0,0],"specularPower":103,"alpha":1,"backFaceCulling":true,"checkReadyOnlyOnce":false,"maxSimultaneousLights":4},
{"name":"melee.phong1","id":"melee.phong1","ambient":[0.5,0.5,0.5],"diffuse":[0.4,0.4,0.4],"specular":[0,0,0],"emissive":[0,0,0],"specularPower":103,"alpha":1,"backFaceCulling":true,"checkReadyOnlyOnce":false,"maxSimultaneousLights":4},
{"name":"melee.default1","id":"melee.default1","ambient":[0.7899,0.8133,0.694],"diffuse":[0.6319,0.6507,0.5552],"specular":[0.0422,0.0428,0.0399],"emissive":[0,0,0],"specularPower":11,"alpha":1,"backFaceCulling":true,"checkReadyOnlyOnce":false,"maxSimultaneousLights":4}],
"multiMaterials":[],
"skeletons":[{"name":"melee_skeleton","id":0,"dimensionsAtRest":[0.5,0.1,0.35],"bones":[
{"name":"gripHand","index":0,"matrix":[0.9554,0.2954,-0.0001,0,0.2954,-0.9554,0,0,0.0001,0,1,0,0.25,-0.0489,0.25,1],"rest":[1,0,-0.0001,0,0,-1,0,0,0.0001,0,1,0,0.25,0,0.25,1],"parentBoneIndex":-1,"length":0.05
,"animation":{"dataType":3,"framePerSecond":60,"keys":[
{"frame":0,"values":[0.9554,0.2954,-0.0001,0,0.2954,-0.9554,0,0,0.0001,0,1,0,0.25,-0.0489,0.25,1]},
{"frame":1,"values":[0.9756,0.2195,-0.002,0,0.2192,-0.9738,0.0606,0,-0.0113,0.0595,0.9982,0,0.2532,-0.0422,0.2383,1]},
{"frame":2,"values":[0.9997,-0.0052,0.0238,0,-0.0106,-0.9724,0.233,0,-0.0219,0.2332,0.9722,0,0.2621,-0.0234,0.2052,1]},
{"frame":3,"values":[0.9515,-0.281,0.1254,0,-0.3074,-0.8494,0.4289,0,0.014,0.4467,0.8946,0,0.2735,0.0008,0.1627,1]},
{"frame":4,"values":[0.8541,-0.4504,0.26,0,-0.5158,-0.6697,0.5343,0,0.0666,0.5905,0.8043,0,0.2825,0.0196,0.1296,1]},
{"frame":5,"values":[0.7976,-0.4883,0.3542,0,-0.6,-0.581,0.55,0,0.0628,0.6511,0.7564,0,0.2856,0.0263,0.1178,1]},
{"frame":6,"values":[0.7646,-0.5123,0.3911,0,-0.6436,-0.6393,0.4208,0,-0.0344,0.5735,0.8185,0,0.2686,0.0246,0.1454,1]},
{"frame":7,"values":[0.7132,-0.61,0.3453,0,-0.6506,-0.7594,0.0021,0,-0.2609,0.2261,0.9385,0,0.2176,0.0189,0.2231,1]},
{"frame":8,"values":[0.6832,-0.6996,0.2093,0,-0.4998,-0.657,-0.5644,0,-0.5324,-0.281,0.7985,0,0.1443,0.0092,0.3228,1]},
{"frame":9,"values":[0.6734,-0.7313,0.1083,0,-0.2775,-0.3859,-0.8798,0,-0.6852,-0.5624,0.4628,0,0.0717,-0.0032,0.4004,1]},
{"frame":10,"values":[0.6279,-0.7713,0.1045,0,-0.1193,-0.228,-0.9663,0,-0.7691,-0.5943,0.2352,0,0.0178,-0.0163,0.428,1]},
{"frame":11,"values":[0.5243,-0.834,0.172,0,0.052,-0.1703,-0.984,0,-0.8499,-0.5249,0.0459,0,-0.0258,-0.0334,0.4215,1]},
{"frame":12,"values":[0.3582,-0.8947,0.2667,0,0.3135,-0.1538,-0.937,0,-0.8794,-0.4193,-0.2254,0,-0.0694,-0.057,0.4023,1]},
{"frame":13,"values":[0.1608,-0.9279,0.3363,0,0.5702,-0.1908,-0.7991,0,-0.8056,-0.3202,-0.4984,0,-0.1055,-0.0811,0.3753,1]},
{"frame":14,"values":[0.0168,-0.9292,0.3691,0,0.7256,-0.2427,-0.6439,0,-0.6879,-0.2786,-0.6702,0,-0.1274,-0.098,0.3498,1]},
{"frame":15,"values":[-0.0283,-0.9163,0.3995,0,0.7855,-0.2676,-0.5581,0,-0.6183,-0.298,-0.7273,0,-0.1341,-0.1037,0.3325,1]},
{"frame":16,"values":[-0.0167,-0.8946,0.4466,0,0.8026,-0.2784,-0.5275,0,-0.5962,-0.3497,-0.7227,0,-0.1303,-0.1031,0.3205,1]},
{"frame":17,"values":[0.0094,-0.8584,0.5128,0,0.804,-0.2984,-0.5142,0,-0.5945,-0.4171,-0.6874,0,-0.1189,-0.1015,0.3092,1]},
{"frame":18,"values":[0.0545,-0.8009,0.5962,0,0.7894,-0.331,-0.5169,0,-0.6114,-0.4989,-0.6143,0,-0.0999,-0.0988,0.2987,1]},
{"frame":19,"values":[0.1253,-0.713,0.6899,0,0.7568,-0.3809,-0.5311,0,-0.6415,-0.5887,-0.4919,0,-0.0738,-0.0951,0.2891,1]},
{"frame":20,"values":[0.2283,-0.5858,0.7776,0,0.7039,-0.4525,-0.5475,0,-0.6726,-0.6723,-0.309,0,-0.0413,-0.0904,0.2806,1]},
{"frame":21,"values":[0.3643,-0.418,0.8322,0,0.6307,-0.5467,-0.5507,0,-0.6851,-0.7256,-0.0645,0,-0.0038,-0.0851,0.2732,1]},
{"frame":22,"values":[0.5218,-0.224,0.8231,0,0.5445,-0.6554,-0.5235,0,-0.6567,-0.7213,0.22,0,0.037,-0.0793,0.2669,1]},
{"frame":23,"values":[0.6754,-0.0353,0.7366,0,0.4593,-0.7614,-0.4576,0,-0.577,-0.6474,0.498,0,0.0789,-0.0733,0.2618,1]},
{"frame":24,"values":[0.7989,0.1153,0.5904,0,0.3899,-0.8466,-0.3623,0,-0.458,-0.5196,0.7212,0,0.1197,-0.0675,0.2579,1]},
{"frame":25,"values":[0.8806,0.2136,0.4231,0,0.3432,-0.9031,-0.2583,0,-0.3269,-0.3726,0.8685,0,0.1572,-0.0621,0.2549,1]},
{"frame":26,"values":[0.9255,0.2662,0.2695,0,0.3166,-0.9342,-0.1644,0,-0.2081,-0.2375,0.9488,0,0.1897,-0.0575,0.2528,1]},
{"frame":27,"values":[0.9459,0.2885,0.1482,0,0.3035,-0.9485,-0.0905,0,-0.1145,-0.1306,0.9848,0,0.2159,-0.0538,0.2514,1]},
{"frame":28,"values":[0.9533,0.2952,0.0641,0,0.298,-0.9538,-0.0392,0,-0.0495,-0.0565,0.9972,0,0.2348,-0.0511,0.2505,1]},
{"frame":29,"values":[0.9551,0.2958,0.0155,0,0.2959,-0.9552,-0.0096,0,-0.012,-0.0138,0.9998,0,0.2462,-0.0494,0.2501,1]},
{"frame":30,"values":[0.9554,0.2954,-0.0001,0,0.2954,-0.9554,0,0,0.0001,0,1,0,0.25,-0.0489,0.25,1]}],"loopBehavior":1,"name":"anim","property":"_matrix"}},
{"name":"foreHand","index":1,"matrix":[0.2845,-0.9404,0.1864,0,-0.0672,0.1744,0.9824,0,0.9563,0.2921,0.0136,0,-0.263,-0.0921,0.1456,1],"rest":[1,0.0012,0,0,0,0,1,0,-0.0012,1,0,0,-0.25,0,0.25,1],"parentBoneIndex":-1,"length":0.1
,"animation":{"dataType":3,"framePerSecond":60,"keys":[
{"frame":0,"values":[0.2845,-0.9404,0.1864,0,-0.0672,0.1744,0.9824,0,0.9563,0.2921,0.0136,0,-0.263,-0.0921,0.1456,1]},
{"frame":1,"values":[0.168,-0.9474,0.2725,0,-0.027,0.2719,0.962,0,0.9854,0.1689,-0.0201,0,-0.255,-0.0856,0.1586,1]},
{"frame":2,"values":[-0.1886,-0.8144,0.5488,0,0.1777,0.5213,0.8346,0,0.9659,-0.2549,-0.0464,0,-0.2323,-0.0673,0.1951,1]},
{"frame":3,"values":[-0.4944,-0.2851,0.8211,0,0.5717,0.6049,0.5543,0,0.6547,-0.7435,0.1361,0,-0.2033,-0.0439,0.242,1]},
{"frame":4,"values":[-0.4863,0.1934,0.8521,0,0.8177,0.4446,0.3658,0,0.3081,-0.8746,0.3743,0,-0.1806,-0.0256,0.2785,1]},
{"frame":5,"values":[-0.4542,0.3287,0.8281,0,0.87,0.3641,0.3326,0,0.1921,-0.8714,0.4513,0,-0.1726,-0.0191,0.2915,1]},
{"frame":6,"values":[-0.5367,0.2219,0.8141,0,0.8067,0.4177,0.4181,0,0.2473,-0.8811,0.4032,0,-0.1838,-0.0256,0.2661,1]},
{"frame":7,"values":[-0.6878,-0.1152,0.7167,0,0.5768,0.5127,0.636,0,0.4407,-0.8508,0.2862,0,-0.2161,-0.0438,0.1934,1]},
{"frame":8,"values":[-0.6935,-0.5682,0.443,0,0.1908,0.4481,0.8734,0,0.6947,-0.6902,0.2023,0,-0.259,-0.0672,0.0964,1]},
{"frame":9,"values":[-0.5413,-0.828,0.1461,0,-0.0995,0.2356,0.9667,0,0.8349,-0.5088,0.2099,0,-0.2954,-0.0854,0.0136,1]},
{"frame":10,"values":[-0.4662,-0.8846,-0.0104,0,-0.1988,0.0933,0.9756,0,0.8621,-0.4569,0.2193,0,-0.3137,-0.0919,-0.0288,1]},
{"frame":11,"values":[-0.506,-0.8577,-0.0913,0,-0.2172,0.0243,0.9758,0,0.8348,-0.5135,0.1986,0,-0.3209,-0.0884,-0.0461,1]},
{"frame":12,"values":[-0.6051,-0.7792,-0.1634,0,-0.2267,-0.028,0.9736,0,0.7631,-0.6262,0.1597,0,-0.326,-0.0786,-0.0582,1]},
{"frame":13,"values":[-0.7186,-0.6622,-0.2123,0,-0.2311,-0.0606,0.9711,0,0.6559,-0.7468,0.1095,0,-0.3286,-0.0659,-0.0645,1]},
{"frame":14,"values":[-0.7948,-0.5601,-0.2337,0,-0.232,-0.0755,0.9698,0,0.5608,-0.825,0.0699,0,-0.3295,-0.0561,-0.0665,1]},
{"frame":15,"values":[-0.819,-0.522,-0.2383,0,-0.2317,-0.0792,0.9696,0,0.525,-0.8493,0.0561,0,-0.3296,-0.0526,-0.0668,1]},
{"frame":16,"values":[-0.8133,-0.5324,-0.2348,0,-0.229,-0.0782,0.9703,0,0.5349,-0.8429,0.0583,0,-0.3289,-0.053,-0.0647,1]},
{"frame":17,"values":[-0.7952,-0.5635,-0.224,0,-0.2208,-0.075,0.9724,0,0.5648,-0.8227,0.0648,0,-0.3269,-0.0542,-0.0584,1]},
{"frame":18,"values":[-0.7619,-0.6143,-0.2051,0,-0.2071,-0.0689,0.9759,0,0.6137,-0.786,0.0748,0,-0.3236,-0.0561,-0.0479,1]},
{"frame":19,"values":[-0.7098,-0.6817,-0.1774,0,-0.1885,-0.0588,0.9803,0,0.6788,-0.7292,0.0868,0,-0.3191,-0.0588,-0.0334,1]},
{"frame":20,"values":[-0.6349,-0.7597,-0.1407,0,-0.1661,-0.0436,0.9851,0,0.7545,-0.6489,0.0985,0,-0.3135,-0.0622,-0.0155,1]},
{"frame":21,"values":[-0.5357,-0.839,-0.0958,0,-0.1418,-0.0224,0.9896,0,0.8324,-0.5437,0.107,0,-0.307,-0.066,0.0053,1]},
{"frame":22,"values":[-0.4145,-0.9089,-0.0453,0,-0.1183,0.0044,0.993,0,0.9023,-0.417,0.1094,0,-0.2999,-0.0702,0.0278,1]},
{"frame":23,"values":[-0.2793,-0.9602,0.0067,0,-0.0982,0.0355,0.9945,0,0.9552,-0.2771,0.1042,0,-0.2927,-0.0745,0.051,1]},
{"frame":24,"values":[-0.1417,-0.9883,0.0558,0,-0.0831,0.0681,0.9942,0,0.9864,-0.1363,0.0918,0,-0.2856,-0.0787,0.0736,1]},
{"frame":25,"values":[-0.0141,-0.9951,0.0983,0,-0.0736,0.0991,0.9924,0,0.9972,-0.0067,0.0746,0,-0.2791,-0.0826,0.0943,1]},
{"frame":26,"values":[0.0946,-0.9867,0.1322,0,-0.0686,0.126,0.9897,0,0.9931,0.1027,0.0558,0,-0.2735,-0.0859,0.1123,1]},
{"frame":27,"values":[0.1792,-0.9712,0.1572,0,-0.0668,0.1474,0.9868,0,0.9815,0.1874,0.0385,0,-0.2689,-0.0886,0.1267,1]},
{"frame":28,"values":[0.2386,-0.9554,0.1739,0,-0.0667,0.1625,0.9845,0,0.9688,0.2465,0.0249,0,-0.2656,-0.0906,0.1372,1]},
{"frame":29,"values":[0.2732,-0.9443,0.1834,0,-0.067,0.1715,0.9829,0,0.9596,0.2809,0.0164,0,-0.2637,-0.0917,0.1435,1]},
{"frame":30,"values":[0.2845,-0.9404,0.1864,0,-0.0672,0.1744,0.9824,0,0.9563,0.2921,0.0136,0,-0.263,-0.0921,0.1456,1]}],"loopBehavior":1,"name":"anim","property":"_matrix"}},
{"name":"handle","index":2,"matrix":[0.9554,0.2954,-0.0001,0,0.2879,-0.9313,-0.2232,0,0.0661,-0.2132,0.9748,0,0.25,-0.0489,0.254,1],"rest":[1,0,0,0,0,-1,0,0,0,0,1,0,0,0,0,1],"parentBoneIndex":-1,"length":0.1
,"animation":{"dataType":3,"framePerSecond":60,"keys":[
{"frame":0,"values":[0.9554,0.2954,-0.0001,0,0.2879,-0.9313,-0.2232,0,0.0661,-0.2132,0.9748,0,0.25,-0.0489,0.254,1]},
{"frame":1,"values":[0.9756,0.2195,-0.002,0,0.2162,-0.9625,-0.1638,0,0.0379,-0.1593,0.9865,0,0.2531,-0.042,0.2422,1]},
{"frame":2,"values":[0.9997,-0.0052,0.0238,0,-0.0054,-0.9999,0.0101,0,-0.0237,0.0102,0.9997,0,0.262,-0.0224,0.2091,1]},
{"frame":3,"values":[0.9515,-0.281,0.1254,0,-0.3028,-0.9277,0.2184,0,-0.0549,0.2458,0.9678,0,0.2736,0.0026,0.1663,1]},
{"frame":4,"values":[0.8541,-0.4504,0.26,0,-0.5177,-0.7846,0.3413,0,-0.0503,0.4261,0.9033,0,0.2827,0.022,0.1328,1]},
{"frame":5,"values":[0.7976,-0.4883,0.3542,0,-0.5988,-0.7117,0.3673,0,-0.0728,0.505,0.86,0,0.2859,0.0289,0.1209,1]},
{"frame":6,"values":[0.7646,-0.5123,0.3911,0,-0.6197,-0.7511,0.2275,0,-0.1772,0.4163,0.8918,0,0.2684,0.0269,0.1487,1]},
{"frame":7,"values":[0.7132,-0.61,0.3453,0,-0.5759,-0.7907,-0.2075,0,-0.3996,0.0509,0.9153,0,0.2166,0.0199,0.2268,1]},
{"frame":8,"values":[0.6832,-0.6996,0.2093,0,-0.3684,-0.5777,-0.7284,0,-0.6305,-0.4205,0.6524,0,0.1421,0.0081,0.326,1]},
{"frame":9,"values":[0.6734,-0.7313,0.1083,0,-0.1176,-0.2506,-0.9609,0,-0.7299,-0.6344,0.2547,0,0.0689,-0.0055,0.4023,1]},
{"frame":10,"values":[0.6279,-0.7713,0.1045,0,0.0554,-0.0896,-0.9944,0,-0.7764,-0.6302,0.0136,0,0.0147,-0.0187,0.4289,1]},
{"frame":11,"values":[0.5243,-0.834,0.172,0,0.2404,-0.0488,-0.9694,0,-0.8169,-0.5497,-0.1749,0,-0.0292,-0.0355,0.4217,1]},
{"frame":12,"values":[0.3582,-0.8947,0.2667,0,0.5019,-0.0564,-0.8631,0,-0.7873,-0.4431,-0.4289,0,-0.0729,-0.0587,0.4014,1]},
{"frame":13,"values":[0.1608,-0.9279,0.3363,0,0.7356,-0.1145,-0.6676,0,-0.658,-0.3547,-0.6642,0,-0.1087,-0.0824,0.3733,1]},
{"frame":14,"values":[0.0168,-0.9292,0.3691,0,0.8609,-0.1743,-0.478,0,-0.5085,-0.3258,-0.797,0,-0.1301,-0.0991,0.3471,1]},
{"frame":15,"values":[-0.0283,-0.9163,0.3995,0,0.9037,-0.1943,-0.3816,0,-0.4273,-0.3502,-0.8335,0,-0.1366,-0.1049,0.3296,1]},
{"frame":16,"values":[-0.0167,-0.8946,0.4466,0,0.9155,-0.1933,-0.3529,0,-0.402,-0.403,-0.8222,0,-0.1327,-0.1045,0.3176,1]},
{"frame":17,"values":[0.0094,-0.8584,0.5128,0,0.9165,-0.1978,-0.3478,0,-0.4,-0.4732,-0.7849,0,-0.1213,-0.1032,0.3065,1]},
{"frame":18,"values":[0.0545,-0.8009,0.5962,0,0.906,-0.2113,-0.3667,0,-0.4197,-0.5602,-0.7141,0,-0.1024,-0.1008,0.2963,1]},
{"frame":19,"values":[0.1253,-0.713,0.6899,0,0.8809,-0.2399,-0.4079,0,-0.4563,-0.6589,-0.598,0,-0.0764,-0.0974,0.2872,1]},
{"frame":20,"values":[0.2283,-0.5858,0.7776,0,0.8363,-0.291,-0.4647,0,-0.4986,-0.7564,-0.4235,0,-0.044,-0.0931,0.2794,1]},
{"frame":21,"values":[0.3643,-0.418,0.8322,0,0.7678,-0.3709,-0.5225,0,-0.527,-0.8293,-0.1858,0,-0.0065,-0.088,0.2729,1]},
{"frame":22,"values":[0.5218,-0.224,0.8231,0,0.6773,-0.4778,-0.5594,0,-0.5186,-0.8494,0.0976,0,0.0344,-0.0822,0.2678,1]},
{"frame":23,"values":[0.6754,-0.0353,0.7366,0,0.5765,-0.5976,-0.5572,0,-0.4599,-0.801,0.3833,0,0.0766,-0.0759,0.2638,1]},
{"frame":24,"values":[0.7989,0.1153,0.5904,0,0.4823,-0.7092,-0.5142,0,-0.3594,-0.6955,0.6222,0,0.1179,-0.0696,0.2607,1]},
{"frame":25,"values":[0.8806,0.2136,0.4231,0,0.4075,-0.7971,-0.4457,0,-0.242,-0.5648,0.7889,0,0.1559,-0.0636,0.2584,1]},
{"frame":26,"values":[0.9255,0.2662,0.2695,0,0.355,-0.8576,-0.3721,0,-0.1321,-0.44,0.8882,0,0.1889,-0.0584,0.2566,1]},
{"frame":27,"values":[0.9459,0.2885,0.1482,0,0.3214,-0.8954,-0.3081,0,-0.0438,-0.339,0.9397,0,0.2154,-0.0543,0.2553,1]},
{"frame":28,"values":[0.9533,0.2952,0.0641,0,0.3015,-0.9171,-0.2608,0,0.0182,-0.2679,0.9633,0,0.2346,-0.0513,0.2545,1]},
{"frame":29,"values":[0.9551,0.2958,0.0155,0,0.2911,-0.928,-0.2325,0,0.0543,-0.2266,0.9725,0,0.2462,-0.0495,0.2541,1]},
{"frame":30,"values":[0.9554,0.2954,-0.0001,0,0.2879,-0.9313,-0.2232,0,0.0661,-0.2132,0.9748,0,0.25,-0.0489,0.254,1]}],"loopBehavior":1,"name":"anim","property":"_matrix"}}]
,"ranges":[{"name":"melee","from":0,"to":30}]}],
"meshes":[{"name":"melee_rock","id":"melee_rock","materialId":"melee.phong1.020","billboardMode":0,"position":[0,0,0],"rotation":[0,0,0],"scaling":[1,1,1],"isVisible":true,"freezeWorldMatrix":false,"isEnabled":true,"checkCollisions":false,"receiveShadows":false,"pickable":true,"tags":"","skeletonId":0,"numBoneInfluencers":1
,"positions":[0.1623,0.1904,0.4392,0.1913,0.1994,0.4392,0.1659,0.1918,0.4561,0.1876,0.1985,0.4561,0.1867,0.1341,0.4837,0.2029,0.1392,0.4837,0.1919,0.1195,0.4731,0.2069,0.1241,0.4731,0.1996,0.0755,0.4147,0.2254,0.0834,0.4147,0.194,0.0879,0.3896,0.223,0.0968,0.3896,0.194,0.0879,0.3896,0.223,0.0968,0.3896,0.1854,0.1035,0.3526,0.223,0.0968,0.3896,0.2213,0.1146,0.3526
,0.2287,0.1068,0.4258,0.2191,0.1716,0.3824,0.2161,0.1641,0.3191,0.1904,0.2117,0.4065,0.1561,0.201,0.4065,0.1586,0.159,0.4562,0.1554,0.1506,0.3817,0.1452,0.1929,0.3618,0.1769,0.1393,0.2999,0.2081,0.1489,0.2999,0.1904,0.2117,0.4065,0.1877,0.2205,0.3728,0.1534,0.2099,0.3728,0.1729,0.1663,0.2728,0.1962,0.1735,0.2728,0.1962,0.2096,0.2976,0.2054,0.1825,0.2954
,0.1808,0.223,0.3293,0.1576,0.2158,0.3293,0.1797,0.2192,0.2909,0.1607,0.2133,0.2909,0.1525,0.1961,0.2976,0.1669,0.1933,0.2731,0.1859,0.1992,0.2731,0.1758,0.1651,0.4779,0.1944,0.1709,0.4779,0.2213,0.0877,0.4375,0.2006,0.0813,0.4375,0.2163,0.0975,0.457,0.1992,0.0922,0.457,0.2117,0.1086,0.4742,0.1967,0.104,0.4742,0.2287,0.1068,0.4258,0.2202,0.1327,0.4566
,0.2191,0.1716,0.3824,0.1761,0.1191,0.4566,0.1554,0.1506,0.3817,0.223,0.0968,0.3896,0.2254,0.0834,0.4147,0.1876,0.1985,0.4561,0.1913,0.1994,0.4392,0.2121,0.1755,0.4561,0.1913,0.1994,0.4392,0.1904,0.2117,0.4065,0.2121,0.1755,0.4561,0.2121,0.1755,0.4561,0.2041,0.2111,0.3618,0.223,0.0968,0.3896,0.2287,0.1068,0.4258,0.2213,0.1146,0.3526,0.2287,0.1068,0.4258
,0.1904,0.2117,0.4065,0.1877,0.2205,0.3728,0.2041,0.2111,0.3618,0.1797,0.2192,0.2909,0.1962,0.2096,0.2976,0.1808,0.223,0.3293,0.1962,0.2096,0.2976,0.2041,0.2111,0.3618,0.2081,0.1489,0.2999,0.2054,0.1825,0.2954,0.1797,0.2192,0.2909,0.1859,0.1992,0.2731,0.1859,0.1992,0.2731,0.2054,0.1825,0.2954,0.2054,0.1825,0.2954,0.1859,0.1992,0.2731,0.1962,0.1735,0.2728
,0.2254,0.0834,0.4147,0.2213,0.0877,0.4375,0.2287,0.1068,0.4258,0.1944,0.1709,0.4779,0.1876,0.1985,0.4561,0.2069,0.1241,0.4731,0.2029,0.1392,0.4837,0.2202,0.1327,0.4566,0.1944,0.1709,0.4779,0.2029,0.1392,0.4837,0.2029,0.1392,0.4837,0.2202,0.1327,0.4566,0.2117,0.1086,0.4742,0.2202,0.1327,0.4566,0.2163,0.0975,0.457,0.2163,0.0975,0.457,0.2202,0.1327,0.4566
,0.2287,0.1068,0.4258,0.2117,0.1086,0.4742,0.2069,0.1241,0.4731,0.2202,0.1327,0.4566,0.2213,0.0877,0.4375,0.2163,0.0975,0.457,0.2287,0.1068,0.4258,0.1877,0.2205,0.3728,0.2041,0.2111,0.3618,0.2213,0.1146,0.3526,0.1996,0.0755,0.4147,0.194,0.0879,0.3896,0.1837,0.0928,0.4258,0.1623,0.1904,0.4392,0.1659,0.1918,0.4561,0.1586,0.159,0.4562,0.194,0.0879,0.3896
,0.1854,0.1035,0.3526,0.1837,0.0928,0.4258,0.1837,0.0928,0.4258,0.1618,0.1474,0.3191,0.1623,0.1904,0.4392,0.1561,0.201,0.4065,0.1854,0.1035,0.3526,0.1769,0.1393,0.2999,0.1618,0.1474,0.3191,0.1576,0.2158,0.3293,0.1534,0.2099,0.3728,0.1602,0.1685,0.2954,0.1769,0.1393,0.2999,0.1729,0.1663,0.2728,0.1607,0.2133,0.2909,0.1576,0.2158,0.3293,0.1525,0.1961,0.2976
,0.1525,0.1961,0.2976,0.1576,0.2158,0.3293,0.1452,0.1929,0.3618,0.1669,0.1933,0.2731,0.1607,0.2133,0.2909,0.1659,0.1918,0.4561,0.1758,0.1651,0.4779,0.2006,0.0813,0.4375,0.1996,0.0755,0.4147,0.1837,0.0928,0.4258,0.1758,0.1651,0.4779,0.1867,0.1341,0.4837,0.1586,0.159,0.4562,0.1586,0.159,0.4562,0.1867,0.1341,0.4837,0.1761,0.1191,0.4566,0.1867,0.1341,0.4837
,0.1919,0.1195,0.4731,0.1761,0.1191,0.4566,0.1967,0.104,0.4742,0.1992,0.0922,0.457,0.1992,0.0922,0.457,0.1992,0.0922,0.457,0.2006,0.0813,0.4375,0.1534,0.2099,0.3728,0.1561,0.201,0.4065,0.1554,0.1506,0.3817,0.1837,0.0928,0.4258,0.1618,0.1474,0.3191,0.1618,0.1474,0.3191,0.1618,0.1474,0.3191,0.2191,0.1716,0.3824,0.2121,0.1755,0.4561,0.2041,0.2111,0.3618
,0.2041,0.2111,0.3618,0.1669,0.1933,0.2731,0.1669,0.1933,0.2731,0.1729,0.1663,0.2728,0.2054,0.1825,0.2954,0.1618,0.1474,0.3191,0.1769,0.1393,0.2999,0.2798,-0.1127,0.265,0.2592,-0.0494,0.2685,0.2912,-0.1079,0.2534,0.2687,-0.0441,0.2587,0.2654,-0.1172,0.265,0.2466,-0.0533,0.2685,0.2533,-0.1196,0.2535,0.2358,-0.0543,0.2587,0.252,-0.1156,0.216,0.2336,-0.0473,0.2269
,0.2634,-0.1108,0.2045,0.2431,-0.042,0.217,0.2779,-0.1063,0.2045,0.2557,-0.0381,0.217,0.29,-0.1039,0.216,0.2666,-0.0371,0.2269,0.2687,-0.0441,0.2587,0.2687,-0.0441,0.2587,0.2912,-0.1079,0.2534,0.2816,-0.1276,0.2523,0.2889,-0.1245,0.2449,0.2779,-0.132,0.2324,0.2723,-0.1305,0.2523,0.2646,-0.132,0.2449,0.2638,-0.1295,0.221,0.271,-0.1264,0.2136,0.2803,-0.1235,0.2136
,0.2881,-0.122,0.221,0.1743,0.2334,0.397,0.1697,0.2294,0.4016,0.1639,0.2369,0.3911,0.1632,0.2274,0.4016,0.1572,0.2281,0.397,0.1548,0.2358,0.3821,0.1594,0.2398,0.3775,0.1659,0.2418,0.3775,0.1719,0.2411,0.3821,0.2798,-0.1127,0.265,0.2912,-0.1079,0.2534,0.2912,-0.1079,0.2534,0.2654,-0.1172,0.265,0.2798,-0.1127,0.265,0.2798,-0.1127,0.265,0.2654,-0.1172,0.265
,0.2533,-0.1196,0.2535,0.2533,-0.1196,0.2535,0.2533,-0.1196,0.2535,0.2533,-0.1196,0.2535,0.252,-0.1156,0.216,0.2634,-0.1108,0.2045,0.252,-0.1156,0.216,0.252,-0.1156,0.216,0.2779,-0.1063,0.2045,0.2634,-0.1108,0.2045,0.2634,-0.1108,0.2045,0.2779,-0.1063,0.2045,0.29,-0.1039,0.216,0.29,-0.1039,0.216,0.29,-0.1039,0.216,0.29,-0.1039,0.216,0.2912,-0.1079,0.2534
,0.2592,-0.0494,0.2685,0.2455,-0.0066,0.2767,0.2687,-0.0441,0.2587,0.2687,-0.0441,0.2587,0.2541,-0.0004,0.2679,0.2592,-0.0494,0.2685,0.2466,-0.0533,0.2685,0.2466,-0.0533,0.2685,0.2338,-0.0102,0.2767,0.2466,-0.0533,0.2685,0.2358,-0.0543,0.2587,0.2358,-0.0543,0.2587,0.2232,-0.0099,0.2679,0.2199,0.0007,0.2393,0.2336,-0.0473,0.2269,0.2336,-0.0473,0.2269,0.2358,-0.0543,0.2587
,0.2336,-0.0473,0.2269,0.2431,-0.042,0.217,0.2431,-0.042,0.217,0.2284,0.007,0.2305,0.2431,-0.042,0.217,0.2557,-0.0381,0.217,0.2557,-0.0381,0.217,0.2402,0.0106,0.2305,0.2666,-0.0371,0.2269,0.2508,0.0103,0.2393,0.2557,-0.0381,0.217,0.2557,-0.0381,0.217,0.2666,-0.0371,0.2269,0.2666,-0.0371,0.2269,0.2687,-0.0441,0.2587,0.2385,0.0448,0.2827,0.2311,0.0382,0.2904
,0.1817,0.2262,0.3972,0.1747,0.22,0.4044,0.2204,0.0349,0.2904,0.1645,0.2168,0.4044,0.2106,0.0362,0.2827,0.1551,0.218,0.3972,0.1514,0.23,0.374,0.2066,0.0488,0.2577,0.2141,0.0554,0.25,0.1584,0.2363,0.3668,0.2248,0.0587,0.25,0.1686,0.2395,0.3668,0.2346,0.0575,0.2577,0.178,0.2383,0.374,0.1838,0.2291,0.3491,0.2075,0.2148,0.3487,0.1835,0.2267,0.3543
,0.206,0.2122,0.3547,0.1517,0.2192,0.3491,0.1533,0.2174,0.3543,0.1403,0.194,0.3488,0.1429,0.1927,0.3547,0.1519,0.1496,0.3475,0.1542,0.1498,0.353,0.1828,0.1027,0.3471,0.1825,0.0991,0.3408,0.2262,0.1127,0.3408,0.2239,0.1154,0.3471,0.2209,0.1705,0.353,0.2229,0.1716,0.3475,0.2075,0.2148,0.3487,0.206,0.2122,0.3547,0.206,0.2122,0.3547,0.1835,0.2267,0.3543
,0.206,0.2122,0.3547,0.1848,0.1689,0.3512,0.1533,0.2174,0.3543,0.1835,0.2267,0.3543,0.1429,0.1927,0.3547,0.1533,0.2174,0.3543,0.1542,0.1498,0.353,0.1429,0.1927,0.3547,0.1828,0.1027,0.3471,0.1542,0.1498,0.353,0.2239,0.1154,0.3471,0.1828,0.1027,0.3471,0.2209,0.1705,0.353,0.2239,0.1154,0.3471,0.206,0.2122,0.3547,0.2209,0.1705,0.353,0.1846,0.1697,0.3394
,0.2058,0.2131,0.3429,0.1837,0.226,0.343,0.1536,0.2167,0.343,0.1426,0.1935,0.3429,0.1535,0.1521,0.3417,0.1825,0.1036,0.3354,0.2236,0.1163,0.3353,0.2202,0.1728,0.3417,0.1426,0.1935,0.3429,0.1535,0.1521,0.3417,0.1535,0.1521,0.3417,0.1426,0.1935,0.3429,0.1536,0.2167,0.343,0.1536,0.2167,0.343,0.1536,0.2167,0.343,0.1837,0.226,0.343,0.1837,0.226,0.343
,0.2058,0.2131,0.3429,0.1837,0.226,0.343,0.1837,0.226,0.343,0.2058,0.2131,0.3429,0.2202,0.1728,0.3417,0.2075,0.2148,0.3487,0.2075,0.2148,0.3487,0.2202,0.1728,0.3417,0.2236,0.1163,0.3353,0.2236,0.1163,0.3353,0.2202,0.1728,0.3417,0.2236,0.1163,0.3353,0.1825,0.1036,0.3354,0.1825,0.1036,0.3354,0.1825,0.1036,0.3354,0.1825,0.1036,0.3354,0.1535,0.1521,0.3417
,0.1931,0.2179,0.4082,0.2107,0.2024,0.3765,0.1948,0.2122,0.411,0.2124,0.1967,0.3785,0.1504,0.2047,0.4082,0.1522,0.1991,0.411,0.1446,0.182,0.3765,0.1464,0.1763,0.3785,0.1634,0.1391,0.3212,0.1606,0.1417,0.3153,0.1788,0.1301,0.3017,0.1769,0.1324,0.295,0.212,0.1432,0.295,0.2118,0.1403,0.3017,0.2194,0.1564,0.3212,0.2202,0.1601,0.3153,0.2107,0.2024,0.3765
,0.2107,0.2024,0.3765,0.2124,0.1967,0.3785,0.1948,0.2122,0.411,0.2124,0.1967,0.3785,0.184,0.1718,0.3673,0.1522,0.1991,0.411,0.1948,0.2122,0.411,0.1464,0.1763,0.3785,0.1522,0.1991,0.411,0.1634,0.1391,0.3212,0.1464,0.1763,0.3785,0.1788,0.1301,0.3017,0.1634,0.1391,0.3212,0.2118,0.1403,0.3017,0.1788,0.1301,0.3017,0.2194,0.1564,0.3212,0.2118,0.1403,0.3017
,0.2124,0.1967,0.3785,0.2194,0.1564,0.3212,0.1811,0.1811,0.3608,0.2076,0.2055,0.3719,0.1915,0.2185,0.402,0.1514,0.2061,0.402,0.1454,0.1862,0.3719,0.1605,0.1484,0.3146,0.1759,0.1394,0.2952,0.2089,0.1496,0.2952,0.2165,0.1658,0.3146,0.1454,0.1862,0.3719,0.1605,0.1484,0.3146,0.1605,0.1484,0.3146,0.1454,0.1862,0.3719,0.1514,0.2061,0.402,0.1514,0.2061,0.402
,0.1514,0.2061,0.402,0.1915,0.2185,0.402,0.1915,0.2185,0.402,0.2076,0.2055,0.3719,0.1915,0.2185,0.402,0.1915,0.2185,0.402,0.2076,0.2055,0.3719,0.2165,0.1658,0.3146,0.2107,0.2024,0.3765,0.2107,0.2024,0.3765,0.2165,0.1658,0.3146,0.2089,0.1496,0.2952,0.2089,0.1496,0.2952,0.2165,0.1658,0.3146,0.2089,0.1496,0.2952,0.1759,0.1394,0.2952,0.1759,0.1394,0.2952
,0.1759,0.1394,0.2952,0.1759,0.1394,0.2952,0.1605,0.1484,0.3146,0.2179,0.1166,0.3289,0.2101,0.1082,0.3363,0.2188,0.1203,0.3329,0.21,0.1109,0.341,0.1983,0.1046,0.3363,0.1968,0.1069,0.341,0.1871,0.1071,0.3289,0.1843,0.1096,0.3329,0.1816,0.1248,0.305,0.1782,0.1292,0.3065,0.1894,0.1333,0.2976,0.187,0.1385,0.2984,0.2012,0.1369,0.2976,0.2002,0.1426,0.2984
,0.2124,0.1344,0.305,0.2127,0.1399,0.3065,0.2188,0.1203,0.3329,0.2188,0.1203,0.3329,0.2179,0.1166,0.3289,0.2101,0.1082,0.3363,0.2179,0.1166,0.3289,0.2042,0.1062,0.3054,0.1983,0.1046,0.3363,0.2101,0.1082,0.3363,0.1871,0.1071,0.3289,0.1983,0.1046,0.3363,0.1816,0.1248,0.305,0.1871,0.1071,0.3289,0.1894,0.1333,0.2976,0.1816,0.1248,0.305,0.2012,0.1369,0.2976
,0.1894,0.1333,0.2976,0.2124,0.1344,0.305,0.2012,0.1369,0.2976,0.2179,0.1166,0.3289,0.2124,0.1344,0.305,0.1856,0.1664,0.3488,0.2188,0.1203,0.3329,0.1858,0.2159,0.3926,0.1781,0.2098,0.4012,0.1849,0.2212,0.3955,0.1768,0.2149,0.4045,0.1673,0.2065,0.4012,0.1655,0.2114,0.4045,0.1575,0.2071,0.3926,0.1553,0.2121,0.3955,0.1518,0.2234,0.3664,0.1542,0.218,0.3647
,0.1619,0.224,0.3561,0.1599,0.2297,0.3574,0.1727,0.2274,0.3561,0.1712,0.2332,0.3574,0.1825,0.2267,0.3647,0.1814,0.2325,0.3664,0.1849,0.2212,0.3955,0.1858,0.2159,0.3926,0.1858,0.2159,0.3926,0.1639,0.2367,0.3857,0.1849,0.2212,0.3955,0.1881,0.2101,0.3909,0.1797,0.2052,0.3997,0.1882,0.2166,0.3945,0.1787,0.2111,0.4044,0.1686,0.2018,0.3997,0.1661,0.2072,0.4044
,0.1589,0.2011,0.3909,0.1551,0.2064,0.3945,0.1523,0.2157,0.3626,0.1567,0.208,0.3624,0.1651,0.213,0.3536,0.1614,0.2224,0.353,0.1763,0.2164,0.3536,0.174,0.2263,0.353,0.186,0.2171,0.3624,0.1853,0.2259,0.3626,0.1882,0.2166,0.3945,0.1882,0.2166,0.3945,0.1881,0.2101,0.3909,0.1637,0.2372,0.3842,0.1882,0.2166,0.3945]
,"normals":[-0.29,0.939,0.185,-0.29,0.939,0.185,-0.62,0.663,0.419,0.138,0.897,0.419,-0.341,-0.31,0.887,0.457,-0.064,0.887,-0.348,-0.364,0.864,0.493,-0.104,0.864,-0.217,-0.972,-0.096,0.727,-0.68,-0.096,0.264,-0.854,-0.449,0.264,-0.854,-0.449,0.264,-0.854,-0.449,0.264,-0.854,-0.449,0.255,-0.826,-0.502,0.264,-0.854,-0.449,0.255,-0.826,-0.502
,0.993,-0.033,0.113,0.967,0.254,-0.005,0.968,0.129,-0.214,-0.281,0.91,0.304,-0.281,0.91,0.304,-0.927,-0.102,0.36,-0.94,-0.341,-0.007,-0.997,0.083,-0.008,0.227,-0.736,-0.638,0.227,-0.736,-0.638,-0.281,0.91,0.304,-0.29,0.938,0.188,-0.29,0.938,0.188,0.119,-0.384,-0.916,0.119,-0.384,-0.916,0.757,0.591,-0.278,0.913,0.226,-0.341
,-0.295,0.955,0.012,-0.295,0.955,0.012,-0.264,0.852,-0.452,-0.264,0.852,-0.452,-0.959,0.061,-0.278,-0.101,0.327,-0.94,-0.101,0.327,-0.94,-0.476,0.216,0.853,0.271,0.447,0.852,0.678,-0.64,0.362,-0.198,-0.911,0.362,0.677,-0.544,0.496,-0.252,-0.831,0.496,0.527,-0.257,0.81,-0.29,-0.51,0.81,0.993,-0.033,0.113,0.935,0.09,0.343
,0.967,0.254,-0.005,-0.822,-0.454,0.343,-0.94,-0.341,-0.007,0.984,-0.131,-0.12,0.727,-0.68,-0.096,0.138,0.897,0.419,0.644,0.728,0.234,0.823,0.439,0.36,0.644,0.728,0.234,0.668,0.716,0.204,0.823,0.439,0.36,0.823,0.439,0.36,0.776,0.631,-0.009,0.984,-0.131,-0.12,0.993,-0.033,0.113,0.992,0,-0.128,0.993,-0.033,0.113
,0.668,0.716,0.204,0.542,0.835,0.091,0.776,0.631,-0.009,0.57,0.759,-0.315,0.757,0.591,-0.278,0.535,0.841,-0.078,0.757,0.591,-0.278,0.776,0.631,-0.009,0.932,-0.031,-0.36,0.913,0.226,-0.341,0.57,0.759,-0.315,0.761,0.422,-0.493,0.761,0.422,-0.493,0.913,0.226,-0.341,0.913,0.226,-0.341,0.761,0.422,-0.493,0.876,0.2,-0.438
,0.727,-0.68,-0.096,0.678,-0.64,0.362,0.993,-0.033,0.113,0.271,0.447,0.852,0.138,0.897,0.419,0.493,-0.104,0.864,0.457,-0.064,0.887,0.935,0.09,0.343,0.271,0.447,0.852,0.457,-0.064,0.887,0.457,-0.064,0.887,0.935,0.09,0.343,0.527,-0.257,0.81,0.935,0.09,0.343,0.677,-0.544,0.496,0.677,-0.544,0.496,0.935,0.09,0.343
,0.993,-0.033,0.113,0.527,-0.257,0.81,0.493,-0.104,0.864,0.935,0.09,0.343,0.678,-0.64,0.362,0.677,-0.544,0.496,0.993,-0.033,0.113,0.542,0.835,0.091,0.776,0.631,-0.009,0.992,0,-0.128,-0.217,-0.972,-0.096,-0.739,-0.663,-0.12,-0.801,-0.588,0.113,-0.943,0.238,0.234,-0.62,0.663,0.419,-0.927,-0.102,0.36,-0.739,-0.663,-0.12
,-0.818,-0.56,-0.127,-0.801,-0.588,0.113,-0.801,-0.588,0.113,-0.872,-0.44,-0.214,-0.943,0.238,0.234,-0.955,0.214,0.205,-0.818,-0.56,-0.127,-0.752,-0.552,-0.36,-0.872,-0.44,-0.214,-0.916,0.392,-0.078,-0.919,0.383,0.091,-0.881,-0.329,-0.341,-0.752,-0.552,-0.36,-0.836,-0.329,-0.438,-0.899,0.305,-0.315,-0.916,0.392,-0.078,-0.959,0.061,-0.278
,-0.959,0.061,-0.278,-0.916,0.392,-0.078,-0.997,0.083,-0.008,-0.867,-0.081,-0.492,-0.899,0.305,-0.315,-0.62,0.663,0.419,-0.476,0.216,0.853,-0.198,-0.911,0.362,-0.217,-0.972,-0.096,-0.801,-0.588,0.113,-0.476,0.216,0.853,-0.341,-0.31,0.887,-0.927,-0.102,0.36,-0.927,-0.102,0.36,-0.341,-0.31,0.887,-0.822,-0.454,0.343,-0.341,-0.31,0.887
,-0.348,-0.364,0.864,-0.822,-0.454,0.343,-0.29,-0.51,0.81,-0.252,-0.831,0.496,-0.252,-0.831,0.496,-0.252,-0.831,0.496,-0.198,-0.911,0.362,-0.919,0.383,0.091,-0.955,0.214,0.205,-0.94,-0.341,-0.007,-0.801,-0.588,0.113,-0.872,-0.44,-0.214,-0.872,-0.44,-0.214,-0.872,-0.44,-0.214,0.967,0.254,-0.005,0.823,0.439,0.36,0.776,0.631,-0.009
,0.776,0.631,-0.009,-0.867,-0.081,-0.492,-0.867,-0.081,-0.492,-0.836,-0.329,-0.438,0.913,0.226,-0.341,-0.872,-0.44,-0.214,-0.752,-0.552,-0.36,0.44,-0.232,0.868,0.387,0.012,0.922,0.927,0.009,0.375,0.888,0.249,0.386,-0.232,-0.44,0.868,-0.326,-0.208,0.922,-0.77,-0.516,0.375,-0.874,-0.296,0.386,-0.797,-0.43,-0.425,-0.905,-0.169,-0.391
,-0.291,-0.247,-0.924,-0.41,0.085,-0.908,0.38,-0.04,-0.924,0.29,0.302,-0.908,0.9,0.095,-0.425,0.842,0.371,-0.392,0.888,0.249,0.386,0.888,0.249,0.386,0.927,0.009,0.375,0.477,-0.731,0.487,0.829,-0.534,0.166,0.294,-0.949,-0.111,0.019,-0.873,0.487,-0.382,-0.909,0.166,-0.399,-0.856,-0.328,-0.019,-0.751,-0.66,0.439,-0.609,-0.66
,0.812,-0.482,-0.328,0.349,0.746,0.567,0.046,0.55,0.834,-0.259,0.838,0.48,-0.348,0.428,0.834,-0.709,0.419,0.567,-0.764,0.609,0.211,-0.482,0.876,-0.007,-0.097,0.995,-0.007,0.287,0.934,0.211,0.44,-0.232,0.868,0.927,0.009,0.375,0.927,0.009,0.375,-0.232,-0.44,0.868,0.44,-0.232,0.868,0.44,-0.232,0.868,-0.232,-0.44,0.868
,-0.77,-0.516,0.375,-0.77,-0.516,0.375,-0.77,-0.516,0.375,-0.77,-0.516,0.375,-0.797,-0.43,-0.425,-0.291,-0.247,-0.924,-0.797,-0.43,-0.425,-0.797,-0.43,-0.425,0.38,-0.04,-0.924,-0.291,-0.247,-0.924,-0.291,-0.247,-0.924,0.38,-0.04,-0.924,0.9,0.095,-0.425,0.9,0.095,-0.425,0.9,0.095,-0.425,0.9,0.095,-0.425,0.927,0.009,0.375
,0.387,0.012,0.922,0.418,-0.089,0.904,0.888,0.249,0.386,0.888,0.249,0.386,0.902,0.203,0.38,0.387,0.012,0.922,-0.326,-0.208,0.922,-0.326,-0.208,0.922,-0.295,-0.309,0.904,-0.326,-0.208,0.922,-0.874,-0.296,0.386,-0.874,-0.296,0.386,-0.859,-0.342,0.38,-0.915,-0.136,-0.38,-0.905,-0.169,-0.391,-0.905,-0.169,-0.391,-0.874,-0.296,0.386
,-0.905,-0.169,-0.391,-0.41,0.085,-0.908,-0.41,0.085,-0.908,-0.436,0.169,-0.884,-0.41,0.085,-0.908,0.29,0.302,-0.908,0.29,0.302,-0.908,0.265,0.385,-0.884,0.842,0.371,-0.392,0.832,0.404,-0.38,0.29,0.302,-0.908,0.29,0.302,-0.908,0.842,0.371,-0.392,0.842,0.371,-0.392,0.888,0.249,0.386,0.929,0.144,0.34,0.475,-0.235,0.848
,0.802,0.334,0.495,0.364,-0.021,0.931,-0.259,-0.462,0.848,-0.288,-0.223,0.931,-0.848,-0.405,0.34,-0.85,-0.177,0.495,-0.963,0.2,-0.178,-0.927,-0.086,-0.365,-0.473,0.289,-0.832,-0.544,0.615,-0.571,0.227,0.505,-0.833,0.102,0.815,-0.571,0.814,0.452,-0.365,0.682,0.709,-0.178,0.117,0.993,-0.012,0.762,0.647,0.018,0.075,0.602,0.795
,0.478,0.339,0.81,-0.657,0.754,-0.012,-0.402,0.455,0.795,-0.994,0.104,0.019,-0.586,0.011,0.81,-0.919,-0.394,0.004,-0.497,-0.28,0.821,-0.247,-0.607,0.755,-0.307,-0.949,-0.073,0.789,-0.61,-0.073,0.547,-0.361,0.755,0.569,0.049,0.821,0.981,0.193,0.004,0.762,0.647,0.018,0.478,0.339,0.81,0.478,0.339,0.81,0.075,0.602,0.795
,0.478,0.339,0.81,0.018,-0.057,0.998,-0.402,0.455,0.795,0.075,0.602,0.795,-0.586,0.011,0.81,-0.402,0.455,0.795,-0.497,-0.28,0.821,-0.586,0.011,0.81,-0.247,-0.607,0.755,-0.497,-0.28,0.821,0.547,-0.361,0.755,-0.247,-0.607,0.755,0.569,0.049,0.821,0.547,-0.361,0.755,0.478,0.339,0.81,0.569,0.049,0.821,-0.018,0.059,-0.998
,0.501,0.423,-0.755,0.081,0.623,-0.778,-0.419,0.468,-0.778,-0.652,0.066,-0.755,-0.603,-0.182,-0.777,-0.301,-0.481,-0.823,0.52,-0.227,-0.823,0.6,0.19,-0.777,-0.652,0.066,-0.755,-0.603,-0.182,-0.777,-0.603,-0.182,-0.777,-0.652,0.066,-0.755,-0.419,0.468,-0.778,-0.419,0.468,-0.778,-0.419,0.468,-0.778,0.081,0.623,-0.778,0.081,0.623,-0.778
,0.501,0.423,-0.755,0.081,0.623,-0.778,0.081,0.623,-0.778,0.501,0.423,-0.755,0.6,0.19,-0.777,0.762,0.647,0.018,0.762,0.647,0.018,0.6,0.19,-0.777,0.52,-0.227,-0.823,0.52,-0.227,-0.823,0.6,0.19,-0.777,0.52,-0.227,-0.823,-0.301,-0.481,-0.823,-0.301,-0.481,-0.823,-0.301,-0.481,-0.823,-0.301,-0.481,-0.823,-0.603,-0.182,-0.777
,0.298,0.812,0.502,0.862,0.506,0.037,0.513,-0.021,0.858,0.894,-0.212,0.395,-0.704,0.502,0.502,-0.411,-0.307,0.858,-0.997,-0.069,0.037,-0.618,-0.679,0.395,-0.392,-0.864,0.314,-0.863,-0.435,-0.256,-0.052,-0.998,0.034,-0.319,-0.601,-0.733,0.602,-0.316,-0.733,0.607,-0.794,0.034,0.812,-0.492,0.314,0.958,0.128,-0.256,0.862,0.506,0.037
,0.862,0.506,0.037,0.894,-0.212,0.395,0.513,-0.021,0.858,0.894,-0.212,0.395,0.243,-0.786,0.568,-0.411,-0.307,0.858,0.513,-0.021,0.858,-0.618,-0.679,0.395,-0.411,-0.307,0.858,-0.392,-0.864,0.314,-0.618,-0.679,0.395,-0.052,-0.998,0.034,-0.392,-0.864,0.314,0.607,-0.794,0.034,-0.052,-0.998,0.034,0.812,-0.492,0.314,0.607,-0.794,0.034
,0.894,-0.212,0.395,0.812,-0.492,0.314,-0.244,0.789,-0.564,0.276,0.867,-0.414,0.048,0.979,-0.196,-0.593,0.781,-0.196,-0.717,0.56,-0.414,-0.708,0.435,-0.555,-0.439,0.322,-0.839,0.18,0.514,-0.839,0.339,0.759,-0.556,-0.717,0.56,-0.414,-0.708,0.435,-0.555,-0.708,0.435,-0.555,-0.717,0.56,-0.414,-0.593,0.781,-0.196,-0.593,0.781,-0.196
,-0.593,0.781,-0.196,0.048,0.979,-0.196,0.048,0.979,-0.196,0.276,0.867,-0.414,0.048,0.979,-0.196,0.048,0.979,-0.196,0.276,0.867,-0.414,0.339,0.759,-0.556,0.862,0.506,0.037,0.862,0.506,0.037,0.339,0.759,-0.556,0.18,0.514,-0.839,0.18,0.514,-0.839,0.339,0.759,-0.556,0.18,0.514,-0.839,-0.439,0.322,-0.839,-0.439,0.322,-0.839
,-0.439,0.322,-0.839,-0.439,0.322,-0.839,-0.708,0.435,-0.555,0.914,-0.397,-0.082,0.553,-0.802,0.226,0.939,0.029,0.344,0.497,-0.403,0.769,-0.004,-0.974,0.226,-0.182,-0.613,0.769,-0.53,-0.844,-0.082,-0.791,-0.506,0.344,-0.637,-0.48,-0.603,-0.933,-0.046,-0.358,-0.248,-0.156,-0.956,-0.497,0.406,-0.767,0.293,0.011,-0.956,0.181,0.615,-0.767
,0.797,-0.037,-0.603,0.795,0.489,-0.358,0.939,0.029,0.344,0.939,0.029,0.344,0.914,-0.397,-0.082,0.553,-0.802,0.226,0.914,-0.397,-0.082,0.234,-0.756,-0.611,-0.004,-0.974,0.226,0.553,-0.802,0.226,-0.53,-0.844,-0.082,-0.004,-0.974,0.226,-0.637,-0.48,-0.603,-0.53,-0.844,-0.082,-0.248,-0.156,-0.956,-0.637,-0.48,-0.603,0.293,0.011,-0.956
,-0.248,-0.156,-0.956,0.797,-0.037,-0.603,0.293,0.011,-0.956,0.914,-0.397,-0.082,0.797,-0.037,-0.603,-0.243,0.786,0.568,0.939,0.029,0.344,0.959,0.021,0.284,0.518,-0.365,0.774,0.764,0.425,0.486,0.324,0.125,0.938,-0.222,-0.593,0.774,-0.338,-0.08,0.938,-0.803,-0.524,0.284,-0.87,-0.08,0.487,-0.957,0.183,-0.225,-0.884,-0.263,-0.387
,-0.423,0.058,-0.904,-0.529,0.526,-0.666,0.317,0.287,-0.904,0.139,0.733,-0.666,0.878,0.282,-0.387,0.686,0.691,-0.225,0.764,0.425,0.486,0.959,0.021,0.284,0.959,0.021,0.284,-0.276,0.892,0.358,0.764,0.425,0.486,0.961,-0.143,0.238,0.518,-0.481,0.708,0.829,0.325,0.455,0.35,0.062,0.935,-0.156,-0.689,0.708,-0.323,-0.146,0.935
,-0.712,-0.66,0.238,-0.868,-0.199,0.455,-0.941,0.028,-0.336,-0.789,-0.454,-0.414,-0.313,-0.194,-0.93,-0.482,0.361,-0.799,0.367,0.016,-0.93,0.194,0.57,-0.799,0.907,0.071,-0.414,0.761,0.555,-0.337,0.829,0.325,0.455,0.829,0.325,0.455,0.961,-0.143,0.238,-0.284,0.918,0.277,0.829,0.325,0.455]
,"uvs":[0.375,0.25,0.625,0.25,0.375,0.5,0.625,0.5,0.375,0.5,0.625,0.5,0.375,0.75,0.625,0.75,0.375,0.75,0.625,0.75,0.375,1,0.625,1,0.375,0,0.625,0,0.375,0,0.625,0,0.625,0,0.75,0,0.179,0,0,0,0.625,0.25,0.375,0.25,0,0,0.062,0,0,0
